p sp 40461 86149
a 1 24022 10320
a 2 540 8760
a 2 28739 3660
a 3 3063 10620
a 4 28737 2880
a 5 4037 12720
a 6 15359 8400
a 7 1678 3085
a 8 17024 2057
a 9 3908 3445
a 10 33408 2622
a 11 16910 462
a 12 1585 432
a 12 21371 10080
a 12 22166 936
a 13 20472 5544
a 13 36505 10296
a 14 21681 504
a 15 32 720
a 15 20561 3240
a 16 21 4896
a 16 24 12672
a 17 1967 4680
a 17 11936 104400
a 18 20931 4392
a 18 26962 20880
a 19 1579 720
a 19 16337 4608
a 20 11940 1944
a 20 32174 57600
a 21 1583 576
a 21 25603 3240
a 22 23 9480
a 22 103 1800
a 22 104 15240
a 23 22 9480
a 23 190 9840
a 23 21667 280800
a 23 27706 17160
a 24 16 12672
a 24 166 4536
a 24 17054 270000
a 25 36503 2664
a 26 17 3600
a 26 11936 172800
a 27 32 5976
a 27 295 4104
a 28 29 4968
a 28 26224 4536
a 28 26873 190800
a 29 28 4968
a 29 3206 5328
a 29 37185 7128
a 30 2826 17856
a 30 11784 3528
a 30 37185 1584
a 31 5921 4680
a 31 28259 4176
a 31 28260 3384
a 31 37467 3096
a 32 313 864
a 32 26741 8640
a 33 19027 17856
a 33 34448 360
a 34 302 1560
a 34 34369 2160
a 34 39991 2592
a 35 300 864
a 35 30162 7992
a 36 2016 7920
a 36 30208 5472
a 37 2016 5256
a 37 23019 4464
a 38 39 7776
a 38 33323 3168
a 39 38 7776
a 39 299 15264
a 40 17924 2314
a 41 27651 73470
a 42 3734 58050
a 43 596 16050
a 43 28546 10000
a 44 45 22860
a 44 28564 3930
a 45 1475 20104
a 46 47 1512
a 46 864 5544
a 47 18780 1512
a 47 23033 2592
a 48 35883 4248
a 49 1581 840
a 49 1843 4680
a 49 1849 17856
a 50 1848 16920
a 50 19679 6120
a 51 1572 1224
a 51 25821 3384
a 52 21701 104400
a 52 21704 2736
a 53 13212 3312
a 53 25839 11040
a 54 13212 237600
a 54 31607 7920
a 55 19964 7128
a 55 19968 1320
a 55 30327 5760
a 56 59 24840
a 56 3798 22560
a 56 4176 7200
a 56 36973 13800
a 57 3800 15240
a 57 3801 21960
a 57 12028 17400
a 57 13009 12600
a 58 11915 6048
a 58 12020 9360
a 58 15969 23400
a 59 56 24840
a 59 60 11040
a 59 61 23280
a 59 13009 14040
a 60 59 11040
a 60 3798 25080
a 60 3801 38880
a 61 59 23280
a 61 3799 18480
a 61 3800 19200
a 62 17165 1296
a 62 36694 1584
a 63 4962 1296
a 63 25387 9360
a 63 38381 1728
a 64 512 13824
a 64 14695 1224
a 64 32127 9360
a 65 722 25056
a 65 4155 86112
a 65 14698 5328
a 66 32090 15264
a 66 32092 7056
a 66 32101 6480
a 66 32107 9792
a 67 4965 25056
a 67 32101 6048
a 67 32103 2880
a 68 4964 16128
a 68 4966 19152
a 68 32111 8208
a 68 32113 10512
a 69 96 3744
a 69 8640 1584
a 69 37463 1728
a 70 7757 3456
a 70 7759 3816
a 70 8776 43488
a 71 20453 648
a 71 37047 20880
a 71 40449 1224
a 72 37038 3168
a 72 37337 8640
a 72 40458 3168
a 73 8319 6696
a 73 10879 8640
a 73 10968 360
a 74 75 6696
a 74 10967 914400
a 74 10968 3744
a 75 74 6696
a 75 8636 5112
a 75 36153 21600
a 76 8636 12600
a 76 12562 1152
a 76 34678 90000
a 76 37129 6336
a 77 12836 2520
a 77 28257 230400
a 77 37955 144
a 78 79 16800
a 78 11373 2880
a 78 28256 3456
a 79 78 16800
a 79 10799 9600
a 79 10801 3816
a 80 10799 10200
a 80 10803 9360
a 80 30861 568800
a 81 82 10200
a 81 9065 29040
a 81 10728 18360
a 82 81 10200
a 82 10734 8880
a 82 10744 21240
a 83 3740 11640
a 83 10740 4800
a 83 10746 396000
a 84 88 4200
a 84 358 5760
a 84 20555 9360
a 85 99 11400
a 86 14463 637200
a 86 20772 2640
a 86 32399 12000
a 87 10851 6720
a 87 21375 50400
a 87 21380 11640
a 88 84 4200
a 88 21378 36000
a 88 21379 16080
a 88 26850 600
a 89 249 2040
a 89 37169 223200
a 89 40162 248400
a 90 98 1200
a 90 39512 3360
a 90 40168 6120
a 91 10115 2232
a 91 39701 2232
a 91 40168 21600
a 92 97 5760
a 92 39687 46800
a 93 39488 6960
a 93 39935 2640
a 94 39492 720
a 94 39674 151200
a 94 39675 1200
a 95 11571 4176
a 95 39518 3600
a 95 39941 4200
a 96 69 3744
a 96 8641 75600
a 96 37467 1728
a 97 92 5760
a 97 37298 7200
a 97 39689 3528
a 97 39699 3096
a 98 90 1200
a 98 39514 2400
a 99 85 11400
a 99 358 10680
a 100 101 5400
a 101 100 5400
a 101 102 140400
a 101 27707 2760
a 102 101 140400
a 103 22 1800
a 103 121 11760
a 103 21666 37800
a 104 22 15240
a 105 248 1080
a 105 331 12000
a 105 31799 11400
a 106 245 7416
a 106 31380 7800
a 107 244 2304
a 107 335 31920
a 107 336 7992
a 108 162 15240
a 108 244 7920
a 108 25574 6840
a 109 11583 18480
a 109 25574 9480
a 109 27756 43560
a 110 111 3000
a 110 11583 3960
a 110 11584 140400
a 110 30669 385200
a 111 110 3000
a 111 112 30960
a 111 30669 7680
a 112 113 13200
a 112 122 6600
a 113 112 13200
a 113 114 10320
a 113 19989 194400
a 114 113 10320
a 114 115 6480
a 114 181 31200
a 115 114 6480
a 115 263 5640
a 115 1547 1320
a 115 21730 2640
a 116 117 2760
a 116 118 12720
a 117 116 2760
a 117 21730 21240
a 117 24889 3960
a 118 116 12720
a 118 19977 13680
a 119 120 35400
a 119 31446 3840
a 120 119 35400
a 120 21685 15960
a 120 28030 2880
a 121 103 11760
a 121 21685 10440
a 121 31466 18120
a 122 112 6600
a 122 181 5040
a 122 25031 25680
a 123 16918 6120
a 123 17088 13104
a 124 133 5688
a 124 26470 720
a 125 126 1296
a 125 10243 9936
a 125 23666 1368
a 126 125 1296
a 126 8656 7200
a 126 38497 2520
a 127 130 1296
a 127 10449 14904
a 127 38487 1872
a 128 38485 2448
a 129 128 1296
a 130 127 1296
a 130 38486 1800
a 131 132 8352
a 131 10449 12888
a 132 131 8352
a 132 10450 183600
a 132 17059 3096
a 132 18233 6336
a 132 23671 6336
a 133 124 5688
a 133 137 2880
a 134 1763 1008
a 135 134 11592
a 135 660 936
a 135 6216 1080
a 136 18200 504
a 136 38505 1656
a 137 136 5904
a 137 659 864
a 138 16223 2592
a 138 17079 7632
a 138 17088 5328
a 138 26286 2520
a 139 20479 118800
a 139 22075 4752
a 140 18165 648
a 141 142 1368
a 141 32394 936
a 142 141 1368
a 142 143 5184
a 142 32395 864
a 143 19686 7344
a 143 26389 453600
a 144 145 1152
a 144 15751 2952
a 144 20866 10728
a 145 144 1152
a 145 146 15480
a 145 17479 2304
a 146 145 15480
a 146 18167 1296
a 146 22959 648
a 147 30009 6120
a 147 32392 1224
a 147 32393 1224
a 147 35952 4608
a 148 30009 216
a 149 32396 792
a 150 1742 2376
a 150 14518 61200
a 150 18173 1080
a 151 1761 1080
a 151 10616 3096
a 151 15348 3384
a 152 154 3096
a 152 1761 3600
a 152 10616 1296
a 153 157 165600
a 153 21018 21600
a 153 27554 25200
a 154 152 3096
a 154 158 3816
a 154 21019 97200
a 155 134 864
a 155 665 5112
a 156 1765 1008
a 156 16429 50400
a 156 33759 1224
a 157 153 165600
a 157 27555 3600
a 157 27556 39600
a 158 154 3816
a 158 4272 504
a 159 155 4248
a 159 40437 936
a 160 161 1200
a 160 161 4080
a 160 164 9480
a 161 160 1200
a 161 160 4080
a 161 381 1560
a 162 108 15240
a 162 243 10200
a 162 31446 10320
a 163 164 4800
a 163 165 259200
a 163 190 4680
a 164 160 9480
a 164 163 4800
a 164 180 34200
a 165 163 259200
a 166 24 4536
a 166 168 2376
a 166 3187 1296
a 167 7953 2880
a 167 14738 4608
a 167 25605 7776
a 168 166 2376
a 168 14736 4032
a 168 17055 158400
a 169 242 2880
a 169 26222 1800
a 169 32134 34632
a 170 337 19560
a 170 1777 37080
a 170 26306 8880
a 170 27108 14280
a 171 1779 8640
a 171 26306 1320
a 172 333 16080
a 172 335 6840
a 172 1811 36000
a 172 31610 28560
a 173 174 2520
a 173 333 26640
a 173 25836 8280
a 174 173 2520
a 174 1805 4680
a 174 31760 4200
a 175 176 10200
a 175 25830 122400
a 175 32580 2880
a 176 175 10200
a 176 25802 1440
a 177 52 6984
a 177 1646 2304
a 178 255 3312
a 178 24891 28800
a 178 25605 1296
a 179 12580 5280
a 179 12581 90000
a 179 21705 2880
a 180 164 34200
a 180 380 6480
a 181 114 31200
a 181 122 5040
a 181 273 8640
a 182 28589 8160
a 183 12880 19584
a 183 13825 936
a 183 19687 4800
a 184 25078 4320
a 185 663 1872
a 185 35705 9720
a 186 663 7056
a 186 13826 2592
a 187 13826 1008
a 187 35976 12096
a 188 189 9576
a 188 662 864
a 189 17072 46800
a 189 17075 5760
a 190 23 9840
a 190 163 4680
a 190 35473 11880
a 191 35 1008
a 191 30163 10944
a 192 23374 1512
a 193 194 1680
a 193 28148 4080
a 194 195 1560
a 194 3042 7200
a 195 22313 1440
a 195 28713 7800
a 196 3048 1440
a 196 22313 7680
a 196 37546 24120
a 197 205 12312
a 197 828 14976
a 197 22311 480
a 197 22312 600
a 198 3042 5880
a 198 17485 24480
a 199 3035 11040
a 199 3036 15720
a 200 22662 2448
a 201 2964 20880
a 201 2976 7440
a 201 2977 7080
a 201 2979 25080
a 202 1045 23040
a 202 1066 3168
a 202 1067 3600
a 202 1153 25680
a 203 1070 3312
a 203 1071 5256
a 204 1071 4824
a 204 1072 5472
a 204 19066 7800
a 205 197 12312
a 205 2963 7920
a 205 2999 4320
a 206 207 4608
a 207 2916 850
a 207 23462 6408
a 208 209 7056
a 208 22623 1920
a 209 400 5472
a 210 10545 151200
a 210 22803 864
a 211 35137 2664
a 212 22819 2952
a 212 27400 1584
a 213 16376 1224
a 214 3051 13440
a 215 307 14610
a 216 25 1080
a 216 1582 720
a 216 35029 7056
a 217 21650 576
a 218 219 8064
a 218 3617 8424
a 219 1819 10224
a 219 16842 19680
a 220 3618 6768
a 220 3620 6264
a 221 17332 5040
a 222 1932 2304
a 222 5396 2016
a 223 221 6984
a 224 9060 20640
a 224 13203 1512
a 224 21954 4032
a 225 1924 5688
a 225 5396 5112
a 226 25734 6336
a 226 35651 576
a 227 21622 3384
a 227 35652 360
a 228 227 4968
a 228 229 7704
a 229 228 7704
a 230 231 3384
a 230 25727 2376
a 231 232 2376
a 231 5595 4536
a 232 233 3384
a 232 25715 1584
a 233 230 2448
a 233 25736 720
a 234 8690 2808
a 234 25011 68400
a 235 232 6048
a 235 25002 93600
a 236 238 1728
a 236 21647 6264
a 237 236 1584
a 237 21203 13176
a 238 239 1512
a 238 16315 14832
a 239 237 1728
a 239 21646 20880
a 240 4801 5256
a 240 4806 1224
a 240 4811 19296
a 241 18172 4885
a 242 169 2880
a 242 12579 1680
a 242 16279 1368
a 243 162 10200
a 243 36556 4968
a 244 107 2304
a 244 108 7920
a 244 31381 6984
a 245 31793 2376
a 246 1573 3168
a 247 51 1296
a 247 19789 1800
a 248 105 1080
a 248 31380 6840
a 249 89 2040
a 249 250 7800
a 249 40158 18000
a 249 40166 2040
a 250 249 7800
a 250 251 11808
a 251 250 11808
a 252 253 3120
a 252 18758 1800
a 252 19009 12240
a 253 252 3120
a 253 11553 9360
a 253 11555 6120
a 254 11555 15480
a 254 19009 7560
a 255 178 3312
a 255 256 5112
a 255 848 3744
a 256 255 5112
a 256 842 7704
a 256 26299 12720
a 257 35885 8760
a 258 259 8424
a 258 259 62400
a 259 311 9000
a 260 242 21888
a 260 30927 4560
a 261 1547 10080
a 261 1548 1800
a 261 25698 3840
a 262 277 11280
a 262 16824 13104
a 262 29409 1800
a 263 115 5640
a 264 4792 5328
a 264 24985 864
a 265 1790 1152
a 265 5140 19512
a 266 5188 3240
a 266 13606 1200
a 267 5105 480
a 268 269 12096
a 268 1527 3480
a 268 19803 3312
a 268 27016 12600
a 269 248 17640
a 269 268 12096
a 269 29272 2520
a 270 26028 1080
a 270 26083 133200
a 270 29272 864
a 271 274 12360
a 271 278 9840
a 271 331 19560
a 271 31455 27120
a 272 31447 183600
a 272 31455 9840
a 272 31457 9840
a 273 181 8640
a 273 16850 9000
a 273 31443 19440
a 273 31457 21600
a 274 271 12360
a 274 275 8400
a 274 279 7320
a 275 274 8400
a 275 652 14520
a 275 18946 9600
a 275 31435 7320
a 276 277 8040
a 276 651 8880
a 276 31442 270000
a 277 262 11280
a 277 276 8040
a 277 650 32520
a 278 271 9840
a 278 31434 172800
a 278 31799 8520
a 279 274 7320
a 280 330 23328
a 280 1550 1152
a 280 21686 2592
a 281 283 8610
a 282 306 1050
a 283 297 930
a 284 282 7860
a 285 10331 4080
a 285 33396 36450
a 286 17923 4770
a 287 1387 4062
a 288 13 5832
a 289 20552 2664
a 289 20745 2088
a 290 20557 3000
a 290 20835 16680
a 290 21382 23280
a 291 20835 4920
a 291 21366 2880
a 291 26855 10920
a 292 20838 115200
a 292 21382 3720
a 293 15415 579600
a 293 20837 5520
a 293 26864 46800
a 293 26868 2640
a 294 26872 104400
a 294 26875 360
a 294 26879 5160
a 295 27 4104
a 295 26224 1008
a 295 26879 7080
a 296 284 930
a 297 33393 13410
a 298 376 39680
a 298 378 9617
a 299 17166 9360
a 299 33397 11880
a 300 16280 864
a 300 24019 1080
a 301 191 3456
a 301 1562 4200
a 302 34 1560
a 302 39640 4968
a 303 19025 15264
a 303 26743 2880
a 304 8392 68400
a 304 8393 3024
a 305 9940 7776
a 305 27542 22752
a 306 182 15120
a 307 281 1020
a 308 373 30720
a 308 33394 8331
a 309 1385 4165
a 310 311 6768
a 311 310 6768
a 311 35030 1296
a 312 14 2088
a 312 21680 129600
a 313 29565 648
a 314 26693 1080
a 314 32398 1224
a 314 34866 6840
a 315 286 36720
a 315 17974 7920
a 316 35303 3690
a 317 36164 20370
a 318 28545 5340
a 319 7460 11010
a 320 319 21690
a 321 287 50400
a 321 373 31920
a 322 33395 8720
a 323 326 18360
a 323 3191 12000
a 323 5676 5832
a 323 19788 8352
a 324 676 792
a 324 2351 6408
a 324 3205 6336
a 325 675 1440
a 325 25406 5976
a 325 27233 7200
a 326 323 18360
a 326 26812 4920
a 326 27120 7440
a 326 27311 5832
a 327 328 25080
a 327 4477 11040
a 327 26805 7680
a 327 27236 19320
a 328 327 25080
a 328 329 4920
a 328 4477 35160
a 329 328 4920
a 329 1553 8160
a 329 27316 2640
a 330 654 5520
a 330 1553 1680
a 330 5685 11520
a 331 105 12000
a 331 271 19560
a 331 1973 14040
a 331 27016 12000
a 332 333 17640
a 333 172 16080
a 333 173 26640
a 333 332 17640
a 333 1809 11280
a 334 107 4032
a 335 172 6840
a 335 1779 2280
a 336 171 24240
a 336 337 6984
a 337 169 18216
a 337 170 19560
a 338 26614 8320
a 339 18023 4960
a 340 34803 6000
a 340 34804 2720
a 341 28527 6480
a 342 36160 9520
a 343 889 2760
a 343 1366 3000
a 343 10166 45720
a 344 893 8400
a 344 975 9480
a 344 34071 9960
a 344 36286 12240
a 345 9974 10008
a 345 18240 5976
a 346 23361 1368
a 347 346 4536
a 347 23359 1008
a 348 347 8640
a 348 1184 5040
a 348 1775 1152
a 349 3321 9432
a 349 10572 7920
a 349 25592 648
a 350 967 18120
a 350 18609 3600
a 350 20799 43320
a 351 1518 33120
a 351 1535 10800
a 352 1565 2640
a 352 3193 21360
a 353 684 576
a 354 3434 7632
a 355 2520 10320
a 355 32402 9216
a 356 573 792
a 356 29998 288
a 357 14585 360
a 358 84 5760
a 358 99 10680
a 358 359 18720
a 359 358 18720
a 359 26852 32400
a 360 29281 792
a 361 355 5688
a 361 570 1152
a 362 26871 122400
a 362 36505 144
a 363 3023 6930
a 363 15179 4320
a 363 16042 2448
a 364 365 14520
a 364 4141 23520
a 364 30083 1152
a 365 364 14520
a 365 4143 4440
a 365 12225 59040
a 366 367 17280
a 366 12225 34560
a 367 366 17280
a 367 368 30600
a 367 12223 64080
a 368 367 30600
a 368 4121 8160
a 368 38387 17640
a 369 12407 41040
a 369 20467 7680
a 370 241 44640
a 370 375 30400
a 371 33092 1772
a 372 376 27360
a 372 378 30400
a 373 374 8960
a 374 309 32000
a 374 322 28400
a 375 372 8080
a 376 286 16160
a 377 241 10697
a 377 375 30640
a 378 1386 4268
a 379 308 2057
a 380 180 6480
a 381 161 1560
a 382 383 47880
a 383 382 47880
a 383 20406 71640
a 383 20474 9000
a 384 18199 2592
a 384 24883 2736
a 384 26296 9792
a 385 17079 936
a 385 18198 2808
a 385 21397 2808
a 386 387 6048
a 386 16222 8064
a 386 21403 16704
a 387 386 6048
a 387 388 720
a 388 387 720
a 388 389 936
a 388 25079 18864
a 389 184 7632
a 389 388 936
a 390 391 6120
a 390 394 9216
a 390 26954 8928
a 391 390 6120
a 391 403 2808
a 391 15733 504
a 392 20022 720
a 392 23009 3672
a 393 392 864
a 393 25076 20376
a 394 390 9216
a 394 21833 86400
a 395 13389 960
a 395 21392 76320
a 395 31067 1680
a 396 19025 15264
a 397 398 50400
a 397 26873 324000
a 398 397 50400
a 398 3091 169200
a 398 23484 464400
a 399 18161 39600
a 400 15282 1728
a 400 22761 1152
a 400 39000 10200
a 401 2536 11280
a 402 22103 4560
a 402 27169 8400
a 403 391 2808
a 403 20529 864
a 404 22101 5760
a 404 24200 5760
a 404 27743 4080
a 405 2530 13080
a 405 22140 3528
a 405 24203 2952
a 405 26622 7992
a 406 3629 3888
a 406 15728 1296
a 406 24739 1440
a 406 26623 5616
a 407 2526 2880
a 407 22089 46800
a 407 26905 6840
a 408 22991 3120
a 408 26904 7320
a 408 26906 720
a 409 22994 3240
a 409 35547 75600
a 410 411 5400
a 410 421 11880
a 410 36353 5160
a 411 410 5400
a 411 422 14160
a 411 24742 4320
a 412 413 20400
a 412 424 17880
a 412 24742 600
a 413 412 20400
a 413 424 9480
a 413 1689 8160
a 414 425 7560
a 414 1689 3360
a 414 25175 10440
a 415 416 26160
a 415 2510 840
a 415 25175 1440
a 416 415 26160
a 416 1692 2880
a 416 24741 9600
a 417 1612 5280
a 417 22374 2760
a 418 10329 13920
a 418 19515 6120
a 418 25643 3240
a 419 1697 1008
a 419 22355 14832
a 419 35377 4752
a 420 421 13680
a 420 1625 3240
a 421 410 11880
a 421 420 13680
a 421 422 5880
a 422 411 14160
a 422 421 5880
a 422 1622 7440
a 423 424 6480
a 423 1623 1920
a 423 25183 2400
a 424 412 17880
a 424 413 9480
a 424 423 6480
a 425 414 7560
a 426 2609 5832
a 427 1282 11700
a 428 8794 4680
a 428 19760 23400
a 429 8792 3240
a 430 431 5976
a 430 39399 90000
a 431 430 5976
a 431 8790 4752
a 432 6178 4464
a 432 26737 576
a 432 28182 7344
a 433 6186 5616
a 433 23378 504
a 434 6388 3744
a 435 670 1656
a 435 25140 7848
a 436 1466 6720
a 436 1469 6480
a 436 3463 15600
a 436 26181 14640
a 437 1729 1680
a 437 9732 5040
a 437 9733 7560
a 438 1714 3960
a 438 2511 12888
a 439 28618 480
a 439 28619 810
a 440 28620 1260
a 441 9738 10740
a 441 33378 5328
a 442 440 3096
a 443 442 3744
a 444 6146 720
a 445 22754 1224
a 445 22756 1296
a 446 22760 504
a 447 9246 720
a 447 12995 1584
a 447 35138 3888
a 448 34839 2736
a 449 23373 2016
a 450 23104 4536
a 450 33757 5976
a 451 452 1800
a 451 22833 4680
a 452 453 936
a 452 35369 2952
a 453 454 1584
a 453 2743 7632
a 454 451 792
a 454 25130 3600
a 455 3831 13032
a 455 16377 2952
a 456 17195 1440
a 456 22749 1728
a 457 17194 1944
a 457 17979 792
a 458 1416 2520
a 458 16378 360
a 459 24364 10440
a 460 461 46680
a 460 38504 26280
a 461 460 46680
a 461 1490 6000
a 462 1491 3744
a 462 26914 1368
a 463 19206 4824
a 464 5425 10224
a 464 15204 6120
a 465 464 4896
a 465 466 6696
a 465 9278 2232
a 466 465 6696
a 466 16754 5400
a 467 5436 2232
a 467 17533 25080
a 467 34985 7440
a 468 469 1296
a 468 17534 1728
a 468 30275 1008
a 469 468 1296
a 469 2807 7200
a 469 16525 1152
a 470 473 20160
a 470 16525 3240
a 470 27330 360
a 471 472 7344
a 471 3773 9864
a 471 27330 2592
a 472 471 7344
a 472 473 5688
a 472 23100 2376
a 473 472 5688
a 473 33756 864
a 474 3055 21840
a 475 18005 3888
a 475 32985 2736
a 476 31304 5280
a 476 36555 6696
a 477 1581 840
a 477 17759 18960
a 477 18143 7056
a 478 1568 4824
a 479 8900 4536
a 480 481 33120
a 480 17636 3489
a 481 480 33120
a 481 20675 2547
a 482 2778 6377
a 483 3906 9874
a 484 611 13628
a 484 3907 12085
a 485 33087 8434
a 486 487 31782
a 487 40117 7251
a 488 4032 2580
a 489 28735 1560
a 490 3062 960
a 491 517 9660
a 492 3050 14160
a 493 496 13650
a 494 1900 1440
a 495 494 13650
a 495 1919 8560
a 496 28585 6060
a 497 11079 13680
a 497 11343 9360
a 497 24553 648
a 498 12156 3528
a 498 12158 14280
a 498 40322 3384
a 499 17306 7080
a 499 29581 4440
a 500 30216 240
a 500 30217 240
a 500 30218 10680
a 500 30219 3600
a 501 502 17040
a 501 5025 7320
a 501 5027 3960
a 502 501 17040
a 502 5024 7320
a 502 19060 2880
a 503 17739 1575
a 503 17740 1845
a 504 6273 8856
a 504 11108 2808
a 504 37200 3510
a 505 4523 2808
a 505 5733 9216
a 506 5783 10080
a 506 12113 11640
a 506 37212 10800
a 507 18508 4104
a 507 36539 4824
a 507 37018 2376
a 508 4132 10080
a 508 13024 288
a 508 30097 7632
a 509 12605 5904
a 509 14880 4320
a 509 20177 35640
a 510 723 6768
a 510 5704 33408
a 510 12134 648
a 511 512 14328
a 511 14696 12312
a 511 38433 840
a 512 64 13824
a 512 511 14328
a 512 8483 19800
a 513 514 16704
a 513 4967 1320
a 513 6788 17040
a 514 513 16704
a 514 4964 24768
a 514 32109 35856
a 515 19861 22200
a 516 16046 5472
a 516 22305 2016
a 516 22705 216000
a 516 35004 4440
a 517 28738 8340
a 518 3 9720
a 519 2824 3672
a 519 35266 1944
a 520 521 792
a 520 10684 3096
a 521 828 19512
a 521 2823 864
a 522 16915 6192
a 522 22303 5832
a 522 30979 270000
a 523 524 1008
a 523 14875 410400
a 523 16915 7128
a 524 523 1008
a 524 860 5976
a 525 35258 1440
a 525 36336 5904
a 526 35256 1152
a 527 888 20100
a 528 36192 4635
a 529 884 21120
a 529 23659 15840
a 530 531 31140
a 531 36188 14895
a 531 37994 6984
a 532 35612 8460
a 533 36182 765
a 533 36183 1800
a 534 32510 5040
a 535 937 2668
a 536 16165 19440
a 537 940 8940
a 538 633 5670
a 538 634 648
a 539 13331 2808
a 539 14306 432
a 540 17619 5760
a 541 861 360
a 542 29931 1080
a 542 37213 4392
a 543 11216 1594
a 544 545 29468
a 544 21778 10954
a 545 544 29468
a 545 564 7971
a 546 33387 7380
a 547 548 6420
a 548 549 2520
a 549 22272 2580
a 550 2768 1320
a 550 22271 5832
a 551 553 4560
a 552 6183 4980
a 552 37632 15240
a 553 37631 420
a 554 555 4740
a 555 24092 4140
a 556 559 6900
a 557 550 1296
a 557 18259 2664
a 558 427 7320
a 559 1718 11100
a 560 561 6540
a 561 26769 2580
a 562 10205 22080
a 562 18328 6330
a 563 35324 10290
a 564 545 7971
a 564 21794 14040
a 565 962 7765
a 566 20845 5605
a 567 568 3660
a 568 18327 27720
a 569 563 8460
a 570 361 1152
a 570 2806 4608
a 570 34687 4320
a 571 2805 2736
a 571 2865 23640
a 572 2866 10680
a 572 2867 6480
a 573 353 1152
a 573 29992 288
a 574 575 576
a 575 576 864
a 575 29997 432
a 576 356 2232
a 577 1450 1440
a 577 17827 1440
a 578 911 4464
a 578 927 936
a 579 714 1584
a 579 34635 432
a 580 581 12960
a 580 34637 864
a 581 582 5256
a 581 32808 3672
a 582 583 6912
a 583 29461 4536
a 584 928 6912
a 585 578 864
a 585 25454 6624
a 586 10559 1800
a 586 17656 1008
a 587 635 9432
a 587 1451 1152
a 588 37992 10260
a 589 34028 144
a 589 34636 2664
a 590 920 4536
a 590 18404 432
a 590 26481 36000
a 591 600 42240
a 591 4859 8340
a 592 37724 1440
a 593 601 792
a 593 4885 5904
a 594 1211 26820
a 595 318 15840
a 596 594 4470
a 597 19754 2016
a 598 19751 7992
a 598 32655 6737
a 599 19743 850
a 599 38126 97200
a 600 33422 2498
a 601 593 792
a 601 602 25040
a 601 33421 2376
a 602 4886 6930
a 603 4464 5616
a 603 7889 7704
a 603 14705 1944
a 603 40094 4464
a 604 17017 1008
a 604 17018 4608
a 605 2789 1728
a 605 33730 1728
a 606 34975 6048
a 606 37317 792
a 607 3976 3816
a 607 17000 7560
a 608 26120 4834
a 609 33085 1954
a 610 10 13525
a 610 611 3672
a 611 607 1440
a 611 24314 2880
a 612 2170 8784
a 612 4440 8424
a 612 33180 11520
a 613 3910 13320
a 613 17738 3240
a 613 18031 1800
a 614 11406 110520
a 614 17665 13080
a 615 9206 1944
a 615 9246 792
a 615 13181 1440
a 615 34993 2088
a 616 910 432
a 616 2394 5688
a 617 10112 810
a 617 26618 5760
a 618 986 14520
a 618 32546 4440
a 618 33956 5544
a 618 34933 12816
a 619 620 9504
a 619 33973 3360
a 619 34933 360
a 619 34934 126000
a 620 619 9504
a 620 621 5688
a 620 17913 75600
a 621 620 5688
a 621 622 2952
a 621 991 3168
a 622 621 2952
a 622 17911 1152
a 623 17911 13680
a 623 32613 840
a 623 34078 5472
a 624 625 6840
a 624 10106 4896
a 624 34074 4920
a 625 624 6840
a 625 18078 3960
a 625 29591 8496
a 626 627 3888
a 626 955 15480
a 626 10173 9576
a 627 626 3888
a 627 954 18600
a 627 15661 1152
a 628 953 16680
a 628 15661 5688
a 628 34811 2016
a 629 35495 4680
a 629 37383 2070
a 630 631 29160
a 630 15662 52560
a 630 37383 10980
a 631 630 29160
a 631 15664 11340
a 631 34239 26400
a 632 633 18000
a 632 14918 18720
a 632 15664 3960
a 633 632 18000
a 633 634 5940
a 634 538 648
a 634 17039 11808
a 634 28733 864
a 635 636 11304
a 635 35610 4392
a 636 635 11304
a 636 35366 2448
a 637 22782 3456
a 638 637 3096
a 638 16883 936
a 639 709 2520
a 639 5937 10656
a 639 16862 6984
a 639 30292 1800
a 640 5879 4032
a 640 15151 190800
a 640 22570 720
a 641 5934 11808
a 641 11520 3960
a 642 643 2088
a 642 37384 2520
a 643 22496 648
a 644 753 2088
a 644 23624 7344
a 645 646 3456
a 645 21901 118800
a 645 29620 2016
a 646 645 3456
a 646 14429 14688
a 646 17097 3528
a 647 9235 648
a 647 11519 6336
a 648 647 648
a 648 755 648
a 649 708 3312
a 649 9328 936
a 650 277 32520
a 650 8770 9120
a 650 16850 2520
a 651 276 8880
a 651 652 6000
a 651 31440 6000
a 652 275 14520
a 652 651 6000
a 652 5686 17280
a 653 654 12720
a 653 1973 24840
a 653 5686 9720
a 654 330 5520
a 654 653 12720
a 654 16845 13440
a 655 5685 511200
a 655 16845 1560
a 655 27966 2400
a 656 23360 360
a 657 13827 1278000
a 657 15875 43200
a 658 4164 39240
a 658 13828 75600
a 658 35562 2400
a 659 4475 936
a 659 26350 1656
a 660 661 576
a 660 17170 3456
a 661 135 864
a 661 26284 13536
a 662 188 864
a 662 27688 4176
a 662 38510 10296
a 663 185 1872
a 663 186 7056
a 663 20528 432
a 664 9948 10080
a 665 38507 2592
a 666 667 3816
a 666 6190 2448
a 667 668 10440
a 667 14614 3600
a 668 30244 3312
a 669 649 1224
a 669 5934 6264
a 670 1474 1008
a 670 22376 5688
a 671 672 10296
a 671 29416 1368
a 672 25534 4248
a 673 3177 1440
a 673 14765 4968
a 673 16707 11736
a 674 677 4464
a 675 325 1440
a 675 2350 10008
a 676 324 792
a 676 34625 22968
a 677 678 5688
a 677 29999 2736
a 678 692 1656
a 679 21852 960
a 679 40102 6120
a 680 34608 1872
a 681 1540 7488
a 681 21848 64800
a 681 29987 2232
a 682 34610 15912
a 683 682 3600
a 684 360 1224
a 684 29986 480
a 685 686 10680
a 685 691 840
a 685 3434 16440
a 686 354 24360
a 686 687 12000
a 686 690 840
a 687 689 720
a 687 22168 10080
a 688 4182 600
a 688 22167 3840
a 689 690 12360
a 690 686 840
a 690 691 10440
a 691 685 840
a 691 2234 23880
a 691 29984 12480
a 692 29936 8784
a 692 29995 2088
a 693 36035 1656
a 694 21958 1944
a 694 27777 504
a 695 16756 1944
a 696 2917 3096
a 697 698 1656
a 698 2917 1800
a 698 9050 2448
a 699 21955 4824
a 700 16755 4104
a 701 9243 10584
a 702 694 1368
a 702 35658 3528
a 703 1493 3456
a 703 16874 3312
a 704 1493 3456
a 704 33481 7272
a 705 706 2664
a 706 4578 3456
a 706 35998 2520
a 707 22514 3816
a 708 12867 8640
a 709 639 2520
a 709 16820 309600
a 709 22787 3816
a 710 14909 100800
a 710 16861 3888
a 711 16883 5400
a 712 808 1008
a 712 35261 5112
a 713 712 5472
a 714 580 5904
a 715 4133 13104
a 715 13011 7920
a 715 30096 3888
a 715 38707 8856
a 716 4178 990
a 716 30328 10008
a 717 718 10350
a 717 13137 8064
a 717 21494 3870
a 717 21497 15696
a 718 717 10350
a 718 719 6750
a 718 5003 26064
a 719 718 6750
a 719 24439 7110
a 720 719 7650
a 720 728 4230
a 720 24439 720
a 721 6775 7776
a 721 8010 10944
a 721 24440 1008
a 722 65 25056
a 722 4155 12816
a 722 5714 18960
a 722 31964 6192
a 723 510 6768
a 723 12136 10728
a 723 25363 45000
a 724 8547 1440
a 724 16926 3960
a 724 25368 14760
a 725 727 11700
a 725 4138 33240
a 725 24443 2880
a 726 729 4950
a 726 4131 34992
a 726 24443 6120
a 727 725 11700
a 727 5648 22560
a 727 21304 540
a 728 720 4230
a 728 5648 20040
a 728 24444 12330
a 729 726 4950
a 729 4132 15624
a 729 12129 18360
a 730 1073 3456
a 730 3094 792
a 731 1074 10944
a 731 15196 5472
a 731 32124 14616
a 732 9063 9216
a 733 1841 14760
a 733 25735 6552
a 734 23392 5112
a 735 23389 1512
a 736 5725 22968
a 737 25712 18576
a 737 34604 11088
a 738 767 3384
a 738 1943 864
a 738 5228 100800
a 739 23655 5760
a 740 739 4392
a 740 2030 2952
a 740 23658 3096
a 741 28740 2376
a 742 5972 13176
a 742 39251 13320
a 743 2043 46320
a 743 10096 288
a 743 34838 1224
a 744 2040 9360
a 744 2050 17160
a 744 10095 2232
a 745 34927 3240
a 745 34928 3168
a 745 38609 5760
a 746 10410 4896
a 746 20333 9000
a 746 20336 3600
a 746 20340 201600
a 747 2075 42840
a 747 10111 7200
a 747 10212 28080
a 747 20333 5328
a 748 588 4320
a 748 749 2952
a 749 588 1890
a 749 17653 1080
a 750 36193 37845
a 751 642 1944
a 751 643 28800
a 751 36381 216000
a 752 17975 1512
a 753 814 2376
a 753 22563 97200
a 754 16813 11520
a 754 17548 2448
a 755 648 648
a 755 23623 6552
a 756 772 2376
a 756 37413 3744
a 757 16812 1080
a 757 37413 3816
a 758 759 1080
a 758 18001 151200
a 758 22561 442800
a 759 760 360
a 760 30863 1296
a 760 38806 14400
a 761 21920 576
a 761 37432 2160
a 762 17881 1368
a 762 21921 104400
a 763 772 3672
a 763 9716 118800
a 763 22567 2232
a 764 765 3456
a 764 38638 216
a 765 5933 158400
a 765 16853 432
a 766 771 4536
a 767 1943 3024
a 767 31153 5616
a 768 16040 9120
a 768 20236 6120
a 768 31153 21816
a 768 34114 13680
a 769 20289 15552
a 769 34788 3240
a 771 763 3672
a 771 772 1296
a 771 38810 2016
a 772 756 2376
a 772 771 1296
a 772 30291 720
a 773 755 5976
a 774 775 273600
a 774 9947 586800
a 774 27187 2451600
a 775 774 273600
a 775 6432 6552
a 776 777 86400
a 776 27187 921600
a 777 776 86400
a 778 7934 1560
a 778 25415 1080
a 779 5689 4200
a 779 12921 13320
a 779 25413 3720
a 780 5688 4320
a 780 12921 1680
a 780 12945 14760
a 781 12944 6240
a 781 12945 6240
a 781 12947 216000
a 782 1390 2340
a 782 35978 8136
a 783 27647 360
a 784 1736 11664
a 784 10194 840
a 785 1561 10368
a 785 18909 35352
a 786 30334 8712
a 787 792 50760
a 788 12866 14616
a 789 790 22635
a 790 791 11070
a 791 12870 11280
a 791 33398 9315
a 792 27656 2790
a 793 4545 8550
a 793 17502 12060
a 794 33399 11745
a 795 796 22905
a 795 3809 20880
a 796 799 30600
a 797 798 25515
a 797 11451 23600
a 798 33400 43155
a 799 800 2520
a 800 801 9315
a 801 20432 4635
a 801 20433 11880
a 802 803 13275
a 803 804 2565
a 804 797 29925
a 805 19054 7560
a 806 30240 3096
a 806 37965 7920
a 807 2816 7128
a 807 17097 648
a 807 17099 36000
a 808 541 648
a 808 1165 4752
a 809 810 15120
a 809 1146 6720
a 810 811 13248
a 810 1176 504
a 810 22571 360
a 811 1040 6840
a 811 9035 600
a 811 26941 7416
a 812 813 4752
a 813 3650 7344
a 814 644 864
a 814 22566 4248
a 815 33481 7344
a 816 856 2808
a 816 33481 4968
a 816 35654 1872
a 817 1486 1872
a 817 1488 1512
a 818 16471 36000
a 818 28195 432
a 819 35011 2160
a 820 17982 2304
a 820 35927 1728
a 821 14446 2880
a 821 17218 6768
a 822 14445 2592
a 822 17219 4248
a 823 22832 9936
a 824 827 21600
a 824 27908 2520
a 825 823 1080
a 825 2458 2520
a 826 35009 5904
a 827 824 21600
a 828 197 14976
a 828 2978 8160
a 828 35265 14328
a 828 37541 6000
a 829 830 4440
a 829 16101 4680
a 829 20502 8280
a 830 829 4440
a 830 26915 5520
a 830 26942 57840
a 831 20490 5280
a 831 20497 3960
a 831 26226 1920
a 831 26918 14160
a 832 1665 9360
a 832 8375 7800
a 832 20490 14400
a 833 834 12857
a 834 835 28728
a 835 3716 6336
a 836 31619 3744
a 837 33420 10748
a 838 4364 34611
a 839 840 8640
a 839 841 5976
a 839 844 16128
a 840 839 8640
a 841 839 5976
a 842 256 7704
a 842 843 8208
a 842 26942 2640
a 843 842 8208
a 843 844 6912
a 843 18781 18216
a 844 839 16128
a 844 843 6912
a 844 845 12096
a 845 844 12096
a 845 18708 74880
a 845 25604 4968
a 846 26226 6480
a 846 26949 90000
a 846 26950 90000
a 847 20406 2160
a 847 35500 60840
a 848 255 3744
a 848 16918 3816
a 848 31451 21600
a 848 35500 10080
a 849 17252 792
a 849 17340 720
a 849 29449 6264
a 850 3749 14976
a 850 21877 4464
a 850 30238 3888
a 851 1292 10872
a 851 1309 2160
a 851 5422 18648
a 852 926 2016
a 852 10110 2088
a 852 32811 1008
a 853 854 17352
a 853 921 4464
a 854 10108 3168
a 854 23555 4536
a 855 17340 6984
a 855 34601 4392
a 856 816 2808
a 856 27281 1440
a 856 35657 345600
a 857 14606 1440
a 858 857 4320
a 859 10687 43200
a 859 22536 7560
a 860 712 1008
a 860 859 2232
a 861 860 864
a 861 35262 1728
a 862 16457 3600
a 863 26939 3960
a 864 5453 2160
a 864 19155 8856
a 865 5452 6624
a 865 35010 5256
a 866 867 4176
a 866 1485 4536
a 867 866 4176
a 867 3130 1872
a 867 10525 2952
a 868 24838 226800
a 868 27179 3312
a 869 868 6120
a 870 871 4752
a 871 872 4608
a 872 447 3600
a 873 694 1296
a 874 875 5640
a 874 1077 5760
a 875 730 24360
a 875 874 5640
a 875 876 5760
a 875 1054 17640
a 876 875 5760
a 876 877 5520
a 877 876 5520
a 877 881 5400
a 877 1052 17640
a 877 30290 20040
a 878 203 24360
a 878 879 3120
a 878 1049 5520
a 879 878 3120
a 879 29636 2280
a 880 29632 5640
a 880 29636 3240
a 881 877 5400
a 881 29632 480
a 882 1138 6120
a 882 30289 8064
a 883 345 22200
a 883 874 17640
a 883 37652 6240
a 884 527 7560
a 885 528 15840
a 886 32628 9432
a 887 1681 4464
a 887 34999 3528
a 888 16884 4248
a 889 343 2760
a 889 980 60685
a 889 37726 4320
a 890 967 9840
a 890 976 37080
a 890 37726 13560
a 891 892 8400
a 891 5447 1920
a 891 34948 4320
a 892 891 8400
a 892 893 8400
a 892 34946 4200
a 893 344 8400
a 893 892 8400
a 893 34944 4440
a 894 1233 266400
a 894 36286 6120
a 895 896 12960
a 895 11541 111600
a 895 18758 15840
a 896 895 12960
a 896 10868 360
a 896 11541 248400
a 897 898 14760
a 897 10863 14760
a 897 11543 122400
a 897 11544 201600
a 898 897 14760
a 898 899 15840
a 898 10862 54000
a 898 11545 115200
a 899 898 15840
a 899 900 28440
a 899 11556 90000
a 899 11558 20880
a 900 899 28440
a 900 901 20160
a 900 11559 129600
a 901 900 20160
a 901 11563 50400
a 901 11564 3960
a 902 10864 15120
a 902 11546 115200
a 902 38106 12600
a 903 904 13680
a 903 10864 7560
a 903 11547 93600
a 904 903 13680
a 904 11548 100800
a 904 11550 14400
a 905 11550 15120
a 905 11551 104400
a 905 11553 14760
a 906 907 19800
a 906 10870 190800
a 906 11558 24120
a 907 906 19800
a 907 9772 18360
a 907 25646 1320
a 908 22763 2160
a 909 2764 4320
a 909 15401 1512
a 910 212 432
a 911 927 4392
a 911 26492 86400
a 911 34032 5112
a 912 585 5544
a 912 5955 1656
a 913 16232 1080
a 913 26526 4392
a 913 26530 5256
a 913 30442 349200
a 914 916 5976
a 914 30480 936
a 914 34040 5544
a 915 30464 3168
a 915 34035 576
a 915 34036 1368
a 916 914 5976
a 916 30487 367200
a 916 30500 1152
a 917 20415 1800
a 917 34047 576
a 917 34049 46800
a 918 30461 1080
a 918 30467 4608
a 918 30478 2520
a 919 18420 201600
a 919 18431 399600
a 919 28742 36000
a 920 590 4536
a 920 18421 46800
a 920 28745 12960
a 920 29914 1152
a 921 18003 2880
a 922 921 11664
a 923 17829 1008
a 923 34712 720
a 923 34715 480
a 924 31344 11640
a 924 34717 360
a 924 34720 480
a 925 34718 720
a 925 34719 2640
a 925 34723 480
a 926 10110 1224
a 926 16452 1008
a 927 579 14112
a 927 928 864
a 928 585 936
a 928 912 5760
a 929 36162 7440
a 930 929 14240
a 930 32510 26320
a 931 930 17520
a 932 931 13840
a 932 18028 3360
a 933 39014 2160
a 934 935 13920
a 934 29588 24880
a 935 16886 8320
a 936 534 2340
a 936 929 22020
a 937 17649 1440
a 938 535 4440
a 938 931 25280
a 939 26049 1920
a 939 28730 920
a 940 935 30640
a 940 29588 7920
a 941 933 13840
a 941 28837 28960
a 942 932 8720
a 943 944 33720
a 943 945 11760
a 943 26962 16920
a 944 943 33720
a 945 943 11760
a 945 946 12360
a 945 26689 295200
a 946 945 12360
a 947 26601 43200
a 948 4401 9720
a 948 26615 7840
a 949 20814 280800
a 950 18637 885600
a 951 18635 1098000
a 951 18637 10800
a 951 20360 1310400
a 952 15660 2300400
a 952 20360 172800
a 952 20362 842400
a 953 628 16680
a 953 954 10440
a 953 972 111600
a 954 627 18600
a 954 953 10440
a 954 29621 7680
a 955 626 15480
a 955 10175 17040
a 955 10176 25560
a 956 957 3240
a 956 20799 7200
a 956 29621 8880
a 957 956 3240
a 957 970 37080
a 957 36086 14760
a 958 959 14280
a 958 10176 1440
a 958 20387 11160
a 959 958 14280
a 959 998 8520
a 959 32984 14640
a 959 34697 3840
a 960 961 16560
a 960 997 8520
a 960 998 3240
a 960 36515 108000
a 961 960 16560
a 961 998 24840
a 961 17915 10680
a 962 783 16704
a 962 25455 3908
a 963 35978 3960
a 963 35979 4608
a 964 963 1476
a 965 25608 1320
a 965 31292 1200
a 966 10194 2448
a 966 25609 5640
a 967 350 18120
a 967 890 9840
a 967 18617 9480
a 968 18617 3960
a 968 34066 11640
a 969 36086 12480
a 970 957 37080
a 970 971 10800
a 970 33571 16560
a 971 970 10800
a 972 953 111600
a 972 974 133200
a 973 974 79200
a 973 20362 421200
a 973 37383 673200
a 974 972 133200
a 974 973 79200
a 975 344 9480
a 975 1250 15000
a 975 29316 21840
a 976 890 37080
a 976 977 8160
a 976 32613 19680
a 977 976 8160
a 977 978 5880
a 977 999 12960
a 978 977 5880
a 978 979 36000
a 978 18715 4320
a 979 978 36000
a 979 980 112114
a 979 1231 50914
a 980 889 60685
a 980 979 112114
a 980 1231 33120
a 981 982 6240
a 981 983 20160
a 982 981 6240
a 982 988 23040
a 983 981 20160
a 983 20208 21120
a 984 985 10680
a 984 31171 8280
a 985 984 10680
a 985 989 12960
a 985 10275 21240
a 985 31331 5520
a 986 618 14520
a 986 990 15480
a 986 31276 3360
a 987 17918 7200
a 988 982 23040
a 988 3522 4920
a 988 15735 4320
a 989 985 12960
a 989 990 63360
a 989 990 45000
a 990 986 15480
a 990 989 63360
a 990 989 45000
a 990 17920 22320
a 991 621 3168
a 991 992 3888
a 991 10172 14280
a 992 991 3888
a 992 993 12600
a 992 10178 1080
a 993 992 12600
a 993 10178 36792
a 993 17910 5112
a 994 995 1152
a 994 996 9216
a 994 19071 1800
a 995 994 1152
a 995 15455 2808
a 996 994 9216
a 996 1002 4824
a 997 960 8520
a 997 17905 7320
a 997 17906 28800
a 998 959 8520
a 998 960 3240
a 998 961 24840
a 999 977 12960
a 999 17922 1800
a 999 33963 4800
a 1000 39016 1200
a 1001 1000 4440
a 1002 996 4824
a 1002 18082 5544
a 1003 18082 1656
a 1003 27077 3816
a 1004 1005 576
a 1004 32880 1512
a 1004 34702 7200
a 1005 1004 576
a 1005 29359 4752
a 1005 34700 432
a 1006 1007 4440
a 1006 18016 2304
a 1007 1006 4440
a 1007 1018 26160
a 1007 35965 432
a 1008 1009 36000
a 1008 1010 45720
a 1008 15966 20160
a 1009 1008 36000
a 1009 1010 11160
a 1010 1008 45720
a 1010 1009 11160
a 1010 1011 20880
a 1011 1010 20880
a 1011 1012 10440
a 1011 1012 89640
a 1012 1011 10440
a 1012 1011 89640
a 1013 1014 576
a 1013 1016 5832
a 1013 32881 1512
a 1014 1013 576
a 1014 31522 1008
a 1014 34704 5184
a 1015 1019 3600
a 1015 18084 9480
a 1015 34703 9000
a 1016 1014 5832
a 1016 34702 10728
a 1017 18076 7680
a 1017 18080 6960
a 1017 34701 8040
a 1018 1007 26160
a 1018 1027 16800
a 1018 1083 19080
a 1019 1015 3600
a 1019 1020 8400
a 1019 26980 1560
a 1020 1019 8400
a 1020 1021 14760
a 1020 1056 6840
a 1020 32883 46680
a 1021 1020 14760
a 1021 1022 11400
a 1021 1023 26520
a 1022 1021 11400
a 1022 1027 25080
a 1022 1028 24240
a 1023 1021 26520
a 1023 1024 12240
a 1023 1028 19800
a 1024 1023 12240
a 1024 1029 23880
a 1024 32882 5880
a 1025 28602 936
a 1025 29446 2520
a 1026 1030 6840
a 1026 29446 5616
a 1026 32883 1800
a 1027 1018 16800
a 1027 1022 25080
a 1027 1079 17880
a 1028 1022 24240
a 1028 1023 19800
a 1028 27009 11520
a 1029 1024 23880
a 1029 1033 7560
a 1029 27009 600
a 1030 1026 6840
a 1030 1031 15840
a 1030 32882 2880
a 1031 1030 15840
a 1031 1032 2304
a 1031 1091 7272
a 1031 1095 30960
a 1032 1031 2304
a 1032 1033 11640
a 1033 1029 7560
a 1033 1032 11640
a 1033 28559 13560
a 1034 28402 86400
a 1034 34704 3024
a 1034 37972 5904
a 1035 1036 8712
a 1035 28604 6048
a 1036 1035 8712
a 1036 1109 4464
a 1037 26762 648
a 1038 1037 6840
a 1039 20309 3960
a 1040 811 6840
a 1040 1041 5640
a 1041 1040 5640
a 1041 1042 8520
a 1041 1063 22440
a 1041 28110 13200
a 1042 1041 8520
a 1042 1043 3240
a 1043 1042 3240
a 1043 1044 5160
a 1043 24139 66342
a 1043 28108 25200
a 1044 1043 5160
a 1044 1045 5280
a 1044 1066 22800
a 1045 202 23040
a 1045 1044 5280
a 1045 1046 6000
a 1045 1124 12600
a 1046 1045 6000
a 1046 1047 6360
a 1047 1046 6360
a 1047 1048 5400
a 1048 1047 5400
a 1048 1069 24360
a 1048 25851 360
a 1049 878 5520
a 1049 25851 11280
a 1050 879 17640
a 1050 18067 19200
a 1051 881 17520
a 1051 1050 11880
a 1052 1051 5640
a 1052 1053 5040
a 1053 29605 720
a 1054 883 5520
a 1055 1056 26040
a 1055 1056 33480
a 1056 1020 6840
a 1056 1055 26040
a 1056 1055 33480
a 1057 1058 3240
a 1058 1124 22920
a 1058 18070 3960
a 1058 25978 4392
a 1058 25978 277200
a 1059 1079 14160
a 1059 17994 1440
a 1059 18219 28560
a 1060 1052 20520
a 1060 16287 2088
a 1060 18240 3312
a 1061 1062 5040
a 1062 882 6360
a 1062 1075 17520
a 1063 1064 5256
a 1063 16285 3384
a 1064 1042 22560
a 1064 1063 5256
a 1064 1065 3456
a 1064 1150 75960
a 1065 1064 3456
a 1065 1066 1368
a 1066 202 3168
a 1066 1065 1368
a 1067 202 3600
a 1067 1068 2592
a 1067 28208 212400
a 1068 1047 24360
a 1068 1067 2592
a 1068 1069 3168
a 1069 1068 3168
a 1069 1070 6696
a 1069 1127 25680
a 1070 203 3312
a 1070 1049 24480
a 1070 1069 6696
a 1071 203 5256
a 1071 204 4824
a 1071 880 24240
a 1072 204 5472
a 1072 876 24360
a 1072 3094 2520
a 1073 730 3456
a 1073 874 24360
a 1073 1074 2952
a 1074 731 10944
a 1074 1073 2952
a 1075 1076 5160
a 1075 1134 13440
a 1075 32124 6240
a 1076 1061 17760
a 1076 1075 5160
a 1076 1077 5880
a 1077 874 5760
a 1077 1076 5880
a 1077 29600 9432
a 1078 1080 4800
a 1078 1081 7560
a 1078 1083 2880
a 1079 1027 17880
a 1079 1059 14160
a 1079 1081 7200
a 1079 1084 9360
a 1080 1078 4800
a 1080 28450 288000
a 1081 1078 7560
a 1081 1079 7200
a 1081 27006 11640
a 1081 27007 8280
a 1082 27011 840
a 1083 1018 19080
a 1083 1078 2880
a 1083 27011 7080
a 1084 1079 9360
a 1084 1085 14400
a 1084 31519 11280
a 1085 1084 14400
a 1085 1086 14400
a 1085 31520 10920
a 1086 1085 14400
a 1086 1087 14640
a 1086 31521 10320
a 1087 1086 14640
a 1087 1089 6240
a 1087 27008 7680
a 1088 10104 3240
a 1088 28405 162000
a 1088 28406 4800
a 1089 1087 6240
a 1089 27009 11160
a 1090 21445 720
a 1090 28559 600
a 1090 32919 4920
a 1091 1031 7272
a 1091 1092 13800
a 1091 32919 1728
a 1092 1091 13800
a 1092 9839 6960
a 1092 32608 5640
a 1093 1094 10320
a 1093 9840 28260
a 1093 32608 4920
a 1094 1093 10320
a 1094 1097 27720
a 1094 1318 24600
a 1094 28425 4200
a 1095 1031 30960
a 1095 1096 30960
a 1095 32572 20520
a 1096 1095 30960
a 1096 1097 34560
a 1096 1101 49680
a 1097 1094 27720
a 1097 1096 34560
a 1097 1130 24480
a 1098 1099 42480
a 1098 1103 15120
a 1098 32572 23040
a 1099 1098 42480
a 1099 1128 20520
a 1099 27010 25560
a 1100 1102 19440
