a 0 24021 10320
a 1 539 8760
a 1 28738 3660
a 2 3062 10620
a 3 28736 2880
a 4 4036 12720
a 5 15358 8400
a 6 1677 3085
a 7 17023 2057
a 8 3907 3445
a 9 33407 2622
a 10 16909 462
a 11 1584 432
a 11 21370 10080
a 11 22165 936
a 12 20471 5544
a 12 36504 10296
a 13 21680 504
a 14 31 720
a 14 20560 3240
a 15 20 4896
a 15 23 12672
a 16 1966 4680
a 16 11935 104400
a 17 20930 4392
a 17 26961 20880
a 18 1578 720
a 18 16336 4608
a 19 11939 1944
a 19 32173 57600
a 20 1582 576
a 20 25602 3240
a 21 22 9480
a 21 102 1800
a 21 103 15240
a 22 21 9480
a 22 189 9840
a 22 21666 280800
a 22 27705 17160
a 23 15 12672
a 23 165 4536
a 23 17053 270000
a 24 36502 2664
a 25 16 3600
a 25 11935 172800
a 26 31 5976
a 26 294 4104
a 27 28 4968
a 27 26223 4536
a 27 26872 190800
a 28 27 4968
a 28 3205 5328
a 28 37184 7128
a 29 2825 17856
a 29 11783 3528
a 29 37184 1584
a 30 5920 4680
a 30 28258 4176
a 30 28259 3384
a 30 37466 3096
a 31 312 864
a 31 26740 8640
a 32 19026 17856
a 32 34447 360
a 33 301 1560
a 33 34368 2160
a 33 39990 2592
a 34 299 864
a 34 30161 7992
a 35 2015 7920
a 35 30207 5472
a 36 2015 5256
a 36 23018 4464
a 37 38 7776
a 37 33322 3168
a 38 37 7776
a 38 298 15264
a 39 17923 2314
a 40 27650 73470
a 41 3733 58050
a 42 595 16050
a 42 28545 10000
a 43 44 22860
a 43 28563 3930
a 44 1474 20104
a 45 46 1512
a 45 863 5544
a 46 18779 1512
a 46 23032 2592
a 47 35882 4248
a 48 1580 840
a 48 1842 4680
a 48 1848 17856
a 49 1847 16920
a 49 19678 6120
a 50 1571 1224
a 50 25820 3384
a 51 21700 104400
a 51 21703 2736
a 52 13211 3312
a 52 25838 11040
a 53 13211 237600
a 53 31606 7920
a 54 19963 7128
a 54 19967 1320
a 54 30326 5760
a 55 58 24840
a 55 3797 22560
a 55 4175 7200
a 55 36972 13800
a 56 3799 15240
a 56 3800 21960
a 56 12027 17400
a 56 13008 12600
a 57 11914 6048
a 57 12019 9360
a 57 15968 23400
a 58 55 24840
a 58 59 11040
a 58 60 23280
a 58 13008 14040
a 59 58 11040
a 59 3797 25080
a 59 3800 38880
a 60 58 23280
a 60 3798 18480
a 60 3799 19200
a 61 17164 1296
a 61 36693 1584
a 62 4961 1296
a 62 25386 9360
a 62 38380 1728
a 63 511 13824
a 63 14694 1224
a 63 32126 9360
a 64 721 25056
a 64 4154 86112
a 64 14697 5328
a 65 32089 15264
a 65 32091 7056
a 65 32100 6480
a 65 32106 9792
a 66 4964 25056
a 66 32100 6048
a 66 32102 2880
a 67 4963 16128
a 67 4965 19152
a 67 32110 8208
a 67 32112 10512
a 68 95 3744
a 68 8639 1584
a 68 37462 1728
a 69 7756 3456
a 69 7758 3816
a 69 8775 43488
a 70 20452 648
a 70 37046 20880
a 70 40448 1224
a 71 37037 3168
a 71 37336 8640
a 71 40457 3168
a 72 8318 6696
a 72 10878 8640
a 72 10967 360
a 73 74 6696
a 73 10966 914400
a 73 10967 3744
a 74 73 6696
a 74 8635 5112
a 74 36152 21600
a 75 8635 12600
a 75 12561 1152
a 75 34677 90000
a 75 37128 6336
a 76 12835 2520
a 76 28256 230400
a 76 37954 144
a 77 78 16800
a 77 11372 2880
a 77 28255 3456
a 78 77 16800
a 78 10798 9600
a 78 10800 3816
a 79 10798 10200
a 79 10802 9360
a 79 30860 568800
a 80 81 10200
a 80 9064 29040
a 80 10727 18360
a 81 80 10200
a 81 10733 8880
a 81 10743 21240
a 82 3739 11640
a 82 10739 4800
a 82 10745 396000
a 83 87 4200
a 83 357 5760
a 83 20554 9360
a 84 98 11400
a 85 14462 637200
a 85 20771 2640
a 85 32398 12000
a 86 10850 6720
a 86 21374 50400
a 86 21379 11640
a 87 83 4200
a 87 21377 36000
a 87 21378 16080
a 87 26849 600
a 88 248 2040
a 88 37168 223200
a 88 40161 248400
a 89 97 1200
a 89 39511 3360
a 89 40167 6120
a 90 10114 2232
a 90 39700 2232
a 90 40167 21600
a 91 96 5760
a 91 39686 46800
a 92 39487 6960
a 92 39934 2640
a 93 39491 720
a 93 39673 151200
a 93 39674 1200
a 94 11570 4176
a 94 39517 3600
a 94 39940 4200
a 95 68 3744
a 95 8640 75600
a 95 37466 1728
a 96 91 5760
a 96 37297 7200
a 96 39688 3528
a 96 39698 3096
a 97 89 1200
a 97 39513 2400
a 98 84 11400
a 98 357 10680
a 99 99 6480
a 99 100 5400
a 100 99 5400
a 100 101 140400
a 100 27706 2760
a 101 100 140400
a 102 21 1800
a 102 120 11760
a 102 21665 37800
a 103 21 15240
a 103 103 6120
a 104 247 1080
a 104 330 12000
a 104 31798 11400
a 105 244 7416
a 105 31379 7800
a 106 243 2304
a 106 334 31920
a 106 335 7992
a 107 161 15240
a 107 243 7920
a 107 25573 6840
a 108 11582 18480
a 108 25573 9480
a 108 27755 43560
a 109 110 3000
a 109 11582 3960
a 109 11583 140400
a 109 30668 385200
a 110 109 3000
a 110 111 30960
a 110 30668 7680
a 111 112 13200
a 111 121 6600
a 112 111 13200
a 112 113 10320
a 112 19988 194400
a 113 112 10320
a 113 114 6480
a 113 180 31200
a 114 113 6480
a 114 262 5640
a 114 1546 1320
a 114 21729 2640
a 115 116 2760
a 115 117 12720
a 116 115 2760
a 116 21729 21240
a 116 24888 3960
a 117 115 12720
a 117 19976 13680
a 118 119 35400
a 118 31445 3840
a 119 118 35400
a 119 21684 15960
a 119 28029 2880
a 120 102 11760
a 120 21684 10440
a 120 31465 18120
a 121 111 6600
a 121 180 5040
a 121 25030 25680
a 122 16917 6120
a 122 17087 13104
a 123 132 5688
a 123 26469 720
a 124 125 1296
a 124 10242 9936
a 124 23665 1368
a 125 124 1296
a 125 8655 7200
a 125 38496 2520
a 126 129 1296
a 126 10448 14904
a 126 38486 1872
a 127 38484 2448
a 128 127 1296
a 129 126 1296
a 129 38485 1800
a 130 131 8352
a 130 10448 12888
a 131 130 8352
a 131 10449 183600
a 131 17058 3096
a 131 18232 6336
a 131 23670 6336
a 132 123 5688
a 132 136 2880
a 133 1762 1008
a 134 133 11592
a 134 659 936
a 134 6215 1080
a 135 18199 504
a 135 38504 1656
a 136 135 5904
a 136 658 864
a 137 16222 2592
a 137 17078 7632
a 137 17087 5328
a 137 26285 2520
a 138 20478 118800
a 138 22074 4752
a 139 18164 648
a 140 141 1368
a 140 32393 936
a 141 140 1368
a 141 142 5184
a 141 32394 864
a 142 19685 7344
a 142 26388 453600
a 143 144 1152
a 143 15750 2952
a 143 20865 10728
a 144 143 1152
a 144 145 15480
a 144 17478 2304
a 145 144 15480
a 145 18166 1296
a 145 22958 648
a 146 30008 6120
a 146 32391 1224
a 146 32392 1224
a 146 35951 4608
a 147 30008 216
a 148 32395 792
a 149 1741 2376
a 149 14517 61200
a 149 18172 1080
a 150 1760 1080
a 150 10615 3096
a 150 15347 3384
a 151 153 3096
a 151 1760 3600
a 151 10615 1296
a 152 156 165600
a 152 21017 21600
a 152 27553 25200
a 153 151 3096
a 153 157 3816
a 153 21018 97200
a 154 133 864
a 154 664 5112
a 155 1764 1008
a 155 16428 50400
a 155 33758 1224
a 156 152 165600
a 156 27554 3600
a 156 27555 39600
a 157 153 3816
a 157 4271 504
a 158 154 4248
a 158 40436 936
a 159 160 1200
a 159 160 4080
a 159 163 9480
a 160 159 1200
a 160 159 4080
a 160 380 1560
a 161 107 15240
a 161 242 10200
a 161 31445 10320
a 162 163 4800
a 162 164 259200
a 162 189 4680
a 163 159 9480
a 163 162 4800
a 163 179 34200
a 164 162 259200
a 165 23 4536
a 165 167 2376
a 165 3186 1296
a 166 7952 2880
a 166 14737 4608
a 166 25604 7776
a 167 165 2376
a 167 14735 4032
a 167 17054 158400
a 168 241 2880
a 168 26221 1800
a 168 32133 34632
a 169 336 19560
a 169 1776 37080
a 169 26305 8880
a 169 27107 14280
a 170 1778 8640
a 170 26305 1320
a 171 332 16080
a 171 334 6840
a 171 1810 36000
a 171 31609 28560
a 172 173 2520
a 172 332 26640
a 172 25835 8280
a 173 172 2520
a 173 1804 4680
a 173 31759 4200
a 174 175 10200
a 174 25829 122400
a 174 32579 2880
a 175 174 10200
a 175 25801 1440
a 176 51 6984
a 176 1645 2304
a 177 254 3312
a 177 24890 28800
a 177 25604 1296
a 178 12579 5280
a 178 12580 90000
a 178 21704 2880
a 179 163 34200
a 179 379 6480
a 180 113 31200
a 180 121 5040
a 180 272 8640
a 181 28588 8160
a 182 12879 19584
a 182 13824 936
a 182 19686 4800
a 183 25077 4320
a 184 662 1872
a 184 35704 9720
a 185 662 7056
a 185 13825 2592
a 186 13825 1008
a 186 35975 12096
a 187 188 9576
a 187 661 864
a 188 17071 46800
a 188 17074 5760
a 189 22 9840
a 189 162 4680
a 189 35472 11880
a 190 34 1008
a 190 30162 10944
a 191 23373 1512
a 192 193 1680
a 192 28147 4080
a 193 194 1560
a 193 3041 7200
a 194 22312 1440
a 194 28712 7800
a 195 3047 1440
a 195 22312 7680
a 195 37545 24120
a 196 204 12312
a 196 827 14976
a 196 22310 480
a 196 22311 600
a 197 3041 5880
a 197 17484 24480
a 198 3034 11040
a 198 3035 15720
a 199 22661 2448
a 200 2963 20880
a 200 2975 7440
a 200 2976 7080
a 200 2978 25080
a 201 1044 23040
a 201 1065 3168
a 201 1066 3600
a 201 1152 25680
a 202 1069 3312
a 202 1070 5256
a 203 1070 4824
a 203 1071 5472
a 203 19065 7800
a 204 196 12312
a 204 2962 7920
a 204 2998 4320
a 205 206 4608
a 206 2915 850
a 206 23461 6408
a 207 208 7056
a 207 22622 1920
a 208 399 5472
a 209 10544 151200
a 209 22802 864
a 210 35136 2664
a 211 22818 2952
a 211 27399 1584
a 212 16375 1224
a 213 3050 13440
a 214 306 14610
a 215 24 1080
a 215 1581 720
a 215 35028 7056
a 216 21649 576
a 217 218 8064
a 217 3616 8424
a 218 1818 10224
a 218 16841 19680
a 219 3617 6768
a 219 3619 6264
a 220 17331 5040
a 221 1931 2304
a 221 5395 2016
a 222 220 6984
a 223 9059 20640
a 223 13202 1512
a 223 21953 4032
a 224 1923 5688
a 224 5395 5112
a 225 25733 6336
a 225 35650 576
a 226 21621 3384
a 226 35651 360
a 227 226 4968
a 227 228 7704
a 228 227 7704
a 229 230 3384
a 229 25726 2376
a 230 231 2376
a 230 5594 4536
a 231 232 3384
a 231 25714 1584
a 232 229 2448
a 232 25735 720
a 233 8689 2808
a 233 25010 68400
a 234 231 6048
a 234 25001 93600
a 235 237 1728
a 235 21646 6264
a 236 235 1584
a 236 21202 13176
a 237 238 1512
a 237 16314 14832
a 238 236 1728
a 238 21645 20880
a 239 4800 5256
a 239 4805 1224
a 239 4810 19296
a 240 18171 4885
a 241 168 2880
a 241 12578 1680
a 241 16278 1368
a 242 161 10200
a 242 36555 4968
a 243 106 2304
a 243 107 7920
a 243 31380 6984
a 244 31792 2376
a 245 1572 3168
a 246 50 1296
a 246 19788 1800
a 247 104 1080
a 247 31379 6840
a 248 88 2040
a 248 249 7800
a 248 40157 18000
a 248 40165 2040
a 249 248 7800
a 249 250 11808
a 250 249 11808
a 251 252 3120
a 251 18757 1800
a 251 19008 12240
a 252 251 3120
a 252 11552 9360
a 252 11554 6120
a 253 11554 15480
a 253 19008 7560
a 254 177 3312
a 254 255 5112
a 254 847 3744
a 255 254 5112
a 255 841 7704
a 255 26298 12720
a 256 35884 8760
a 257 258 8424
a 257 258 62400
a 258 310 9000
a 259 241 21888
a 259 30926 4560
a 260 1546 10080
a 260 1547 1800
a 260 25697 3840
a 261 276 11280
a 261 16823 13104
a 261 29408 1800
a 262 114 5640
a 263 4791 5328
a 263 24984 864
a 264 1789 1152
a 264 5139 19512
a 265 5187 3240
a 265 13605 1200
a 266 5104 480
a 267 268 12096
a 267 1526 3480
a 267 19802 3312
a 267 27015 12600
a 268 247 17640
a 268 267 12096
a 268 29271 2520
a 269 26027 1080
a 269 26082 133200
a 269 29271 864
a 270 273 12360
a 270 277 9840
a 270 330 19560
a 270 31454 27120
a 271 31446 183600
a 271 31454 9840
a 271 31456 9840
a 272 180 8640
a 272 16849 9000
a 272 31442 19440
a 272 31456 21600
a 273 270 12360
a 273 274 8400
a 273 278 7320
a 274 273 8400
a 274 651 14520
a 274 18945 9600
a 274 31434 7320
a 275 276 8040
a 275 650 8880
a 275 31441 270000
a 276 261 11280
a 276 275 8040
a 276 649 32520
a 277 270 9840
a 277 31433 172800
a 277 31798 8520
a 278 273 7320
a 279 329 23328
a 279 1549 1152
a 279 21685 2592
a 280 282 8610
a 281 305 1050
a 282 296 930
a 283 281 7860
a 284 10330 4080
a 284 33395 36450
a 285 17922 4770
a 286 1386 4062
a 287 12 5832
a 288 20551 2664
a 288 20744 2088
a 289 20556 3000
a 289 20834 16680
a 289 21381 23280
a 290 20834 4920
a 290 21365 2880
a 290 26854 10920
a 291 20837 115200
a 291 21381 3720
a 292 15414 579600
a 292 20836 5520
a 292 26863 46800
a 292 26867 2640
a 293 26871 104400
a 293 26874 360
a 293 26878 5160
a 294 26 4104
a 294 26223 1008
a 294 26878 7080
a 295 283 930
a 296 33392 13410
a 297 375 39680
a 297 377 9617
a 298 17165 9360
a 298 33396 11880
a 299 16279 864
a 299 24018 1080
a 300 190 3456
a 300 1561 4200
a 301 33 1560
a 301 39639 4968
a 302 19024 15264
a 302 26742 2880
a 303 8391 68400
a 303 8392 3024
a 304 9939 7776
a 304 27541 22752
a 305 181 15120
a 306 280 1020
a 307 372 30720
a 307 33393 8331
a 308 1384 4165
a 309 310 6768
a 310 309 6768
a 310 35029 1296
a 311 13 2088
a 311 21679 129600
a 312 29564 648
a 313 26692 1080
a 313 32397 1224
a 313 34865 6840
a 314 285 36720
a 314 17973 7920
a 315 35302 3690
a 316 36163 20370
a 317 28544 5340
a 318 7459 11010
a 319 318 21690
a 320 286 50400
a 320 372 31920
a 321 33394 8720
a 322 325 18360
a 322 3190 12000
a 322 5675 5832
a 322 19787 8352
a 323 675 792
a 323 2350 6408
a 323 3204 6336
a 324 674 1440
a 324 25405 5976
a 324 27232 7200
a 325 322 18360
a 325 26811 4920
a 325 27119 7440
a 325 27310 5832
a 326 327 25080
a 326 4476 11040
a 326 26804 7680
a 326 27235 19320
a 327 326 25080
a 327 328 4920
a 327 4476 35160
a 328 327 4920
a 328 1552 8160
a 328 27315 2640
a 329 653 5520
a 329 1552 1680
a 329 5684 11520
a 330 104 12000
a 330 270 19560
a 330 1972 14040
a 330 27015 12000
a 331 332 17640
a 332 171 16080
a 332 172 26640
a 332 331 17640
a 332 1808 11280
a 333 106 4032
a 334 171 6840
a 334 1778 2280
a 335 170 24240
a 335 336 6984
a 336 168 18216
a 336 169 19560
a 337 26613 8320
a 338 18022 4960
a 339 34802 6000
a 339 34803 2720
a 340 28526 6480
a 341 36159 9520
a 342 888 2760
a 342 1365 3000
a 342 10165 45720
a 343 892 8400
a 343 974 9480
a 343 34070 9960
a 343 36285 12240
a 344 9973 10008
a 344 18239 5976
a 345 23360 1368
a 346 345 4536
a 346 23358 1008
a 347 346 8640
a 347 1183 5040
a 347 1774 1152
a 348 3320 9432
a 348 10571 7920
a 348 25591 648
a 349 966 18120
a 349 18608 3600
a 349 20798 43320
a 350 1517 33120
a 350 1534 10800
a 351 1564 2640
a 351 3192 21360
a 352 683 576
a 353 3433 7632
a 354 2519 10320
a 354 32401 9216
a 355 572 792
a 355 29997 288
a 356 14584 360
a 357 83 5760
a 357 98 10680
a 357 358 18720
a 358 357 18720
a 358 358 43920
a 358 26851 32400
a 359 29280 792
a 360 354 5688
a 360 569 1152
a 361 26870 122400
a 361 36504 144
a 362 3022 6930
a 362 15178 4320
a 362 16041 2448
a 363 364 14520
a 363 4140 23520
a 363 30082 1152
a 364 363 14520
a 364 4142 4440
a 364 12224 59040
a 365 366 17280
a 365 12224 34560
a 366 365 17280
a 366 367 30600
a 366 12222 64080
a 367 366 30600
a 367 4120 8160
a 367 38386 17640
a 368 12406 41040
a 368 20466 7680
a 369 240 44640
a 369 374 30400
a 370 33091 1772
a 371 375 27360
a 371 377 30400
a 372 373 8960
a 373 308 32000
a 373 321 28400
a 374 371 8080
a 375 285 16160
a 376 240 10697
a 376 374 30640
a 377 1385 4268
a 378 307 2057
a 379 179 6480
a 380 160 1560
a 381 382 47880
a 382 381 47880
a 382 20405 71640
a 382 20473 9000
a 383 18198 2592
a 383 24882 2736
a 383 26295 9792
a 384 17078 936
a 384 18197 2808
a 384 21396 2808
a 385 386 6048
a 385 16221 8064
a 385 21402 16704
a 386 385 6048
a 386 387 720
a 387 386 720
a 387 388 936
a 387 25078 18864
a 388 183 7632
a 388 387 936
a 389 390 6120
a 389 393 9216
a 389 26953 8928
a 390 389 6120
a 390 402 2808
a 390 15732 504
a 391 20021 720
a 391 23008 3672
a 392 391 864
a 392 25075 20376
a 393 389 9216
a 393 21832 86400
a 394 13388 960
a 394 21391 76320
a 394 31066 1680
a 395 19024 15264
a 396 397 50400
a 396 26872 324000
a 397 396 50400
a 397 3090 169200
a 397 23483 464400
a 398 18160 39600
a 399 15281 1728
a 399 22760 1152
a 399 38999 10200
a 400 2535 11280
a 401 22102 4560
a 401 27168 8400
a 402 390 2808
a 402 20528 864
a 403 22100 5760
a 403 24199 5760
a 403 27742 4080
a 404 2529 13080
a 404 22139 3528
a 404 24202 2952
a 404 26621 7992
a 405 3628 3888
a 405 15727 1296
a 405 24738 1440
a 405 26622 5616
a 406 2525 2880
a 406 22088 46800
a 406 26904 6840
a 407 22990 3120
a 407 26903 7320
a 407 26905 720
a 408 22993 3240
a 408 35546 75600
a 409 410 5400
a 409 420 11880
a 409 36352 5160
a 410 409 5400
a 410 421 14160
a 410 24741 4320
a 411 412 20400
a 411 423 17880
a 411 24741 600
a 412 411 20400
a 412 423 9480
a 412 1688 8160
a 413 424 7560
a 413 1688 3360
a 413 25174 10440
a 414 415 26160
a 414 2509 840
a 414 25174 1440
a 415 414 26160
a 415 1691 2880
a 415 24740 9600
a 416 1611 5280
a 416 22373 2760
a 417 10328 13920
a 417 19514 6120
a 417 25642 3240
a 418 1696 1008
a 418 22354 14832
a 418 35376 4752
a 419 420 13680
a 419 1624 3240
a 420 409 11880
a 420 419 13680
a 420 421 5880
a 421 410 14160
a 421 420 5880
a 421 1621 7440
a 422 423 6480
a 422 1622 1920
a 422 25182 2400
a 423 411 17880
a 423 412 9480
a 423 422 6480
a 424 413 7560
a 425 2608 5832
a 426 1281 11700
a 427 8793 4680
a 427 19759 23400
a 428 428 4800
a 428 8791 3240
a 429 430 5976
a 429 39398 90000
a 430 429 5976
a 430 8789 4752
a 431 6177 4464
a 431 26736 576
a 431 28181 7344
a 432 6185 5616
a 432 23377 504
a 433 6387 3744
a 434 669 1656
a 434 25139 7848
a 435 1465 6720
a 435 1468 6480
a 435 3462 15600
a 435 26180 14640
a 436 1728 1680
a 436 9731 5040
a 436 9732 7560
a 437 1713 3960
a 437 2510 12888
a 438 28617 480
a 438 28618 810
a 439 28619 1260
a 440 9737 10740
a 440 33377 5328
a 441 439 3096
a 442 441 3744
a 443 6145 720
a 444 22753 1224
a 444 22755 1296
a 445 22759 504
a 446 9245 720
a 446 12994 1584
a 446 35137 3888
a 447 34838 2736
a 448 23372 2016
a 449 23103 4536
a 449 33756 5976
a 450 451 1800
a 450 22832 4680
a 451 452 936
a 451 35368 2952
a 452 453 1584
a 452 2742 7632
a 453 450 792
a 453 25129 3600
a 454 3830 13032
a 454 16376 2952
a 455 17194 1440
a 455 22748 1728
a 456 17193 1944
a 456 17978 792
a 457 1415 2520
a 457 16377 360
a 458 24363 10440
a 459 460 46680
a 459 38503 26280
a 460 459 46680
a 460 1489 6000
a 461 1490 3744
a 461 26913 1368
a 462 19205 4824
a 463 5424 10224
a 463 15203 6120
a 464 463 4896
a 464 465 6696
a 464 9277 2232
a 465 464 6696
a 465 16753 5400
a 466 5435 2232
a 466 17532 25080
a 466 34984 7440
a 467 468 1296
a 467 17533 1728
a 467 30274 1008
a 468 467 1296
a 468 2806 7200
a 468 16524 1152
a 469 472 20160
a 469 16524 3240
a 469 27329 360
a 470 471 7344
a 470 3772 9864
a 470 27329 2592
a 471 470 7344
a 471 472 5688
a 471 23099 2376
a 472 471 5688
a 472 33755 864
a 473 3054 21840
a 474 18004 3888
a 474 32984 2736
a 475 31303 5280
a 475 36554 6696
a 476 1580 840
a 476 17758 18960
a 476 18142 7056
a 477 1567 4824
a 478 8899 4536
a 479 480 33120
a 479 17635 3489
a 480 479 33120
a 480 20674 2547
a 481 2777 6377
a 482 3905 9874
a 483 610 13628
a 483 3906 12085
a 484 33086 8434
a 485 486 31782
a 486 40116 7251
a 487 4031 2580
a 488 28734 1560
a 489 3061 960
a 490 516 9660
a 491 3049 14160
a 492 495 13650
a 493 1899 1440
a 494 493 13650
a 494 1918 8560
a 495 28584 6060
a 496 11078 13680
a 496 11342 9360
a 496 24552 648
a 497 12155 3528
a 497 12157 14280
a 497 40321 3384
a 498 17305 7080
a 498 29580 4440
a 499 30215 240
a 499 30216 240
a 499 30217 10680
a 499 30218 3600
a 500 501 17040
a 500 5024 7320
a 500 5026 3960
a 501 500 17040
a 501 5023 7320
a 501 19059 2880
a 502 17738 1575
a 502 17739 1845
a 503 6272 8856
a 503 11107 2808
a 503 37199 3510
a 504 4522 2808
a 504 5732 9216
a 505 5782 10080
a 505 12112 11640
a 505 37211 10800
a 506 18507 4104
a 506 36538 4824
a 506 37017 2376
a 507 4131 10080
a 507 13023 288
a 507 30096 7632
a 508 12604 5904
a 508 14879 4320
a 508 20176 35640
a 509 722 6768
a 509 5703 33408
a 509 12133 648
a 510 511 14328
a 510 14695 12312
a 510 38432 840
a 511 63 13824
a 511 510 14328
a 511 8482 19800
a 512 513 16704
a 512 4966 1320
a 512 6787 17040
a 513 512 16704
a 513 4963 24768
a 513 32108 35856
a 514 19860 22200
a 515 16045 5472
a 515 22304 2016
a 515 22704 216000
a 515 35003 4440
a 516 28737 8340
a 517 2 9720
a 518 2823 3672
a 518 35265 1944
a 519 520 792
a 519 10683 3096
a 520 827 19512
a 520 2822 864
a 521 16914 6192
a 521 22302 5832
a 521 30978 270000
a 522 523 1008
a 522 14874 410400
a 522 16914 7128
a 523 522 1008
a 523 859 5976
a 524 35257 1440
a 524 36335 5904
a 525 35255 1152
a 526 887 20100
a 527 36191 4635
a 528 883 21120
a 528 23658 15840
a 529 530 31140
a 530 36187 14895
a 530 37993 6984
a 531 35611 8460
a 532 36181 765
a 532 36182 1800
a 533 32509 5040
a 534 936 2668
a 535 16164 19440
a 536 939 8940
a 537 632 5670
a 537 633 648
a 538 13330 2808
a 538 14305 432
a 539 17618 5760
a 540 860 360
a 541 29930 1080
a 541 37212 4392
a 542 11215 1594
a 543 544 29468
a 543 21777 10954
a 544 543 29468
a 544 563 7971
a 545 33386 7380
a 546 547 6420
a 547 548 2520
a 548 22271 2580
a 549 2767 1320
a 549 22270 5832
a 550 552 4560
a 551 6182 4980
a 551 37631 15240
a 552 37630 420
a 553 554 4740
a 554 24091 4140
a 555 558 6900
a 556 549 1296
a 556 18258 2664
a 557 426 7320
a 558 1717 11100
a 559 560 6540
a 560 26768 2580
a 561 10204 22080
a 561 18327 6330
a 562 35323 10290
a 563 544 7971
a 563 21793 14040
a 564 961 7765
a 565 20844 5605
a 566 567 3660
a 567 18326 27720
a 568 562 8460
a 569 360 1152
a 569 2805 4608
a 569 34686 4320
a 570 2804 2736
a 570 2864 23640
a 571 2865 10680
a 571 2866 6480
a 572 352 1152
a 572 29991 288
a 573 574 576
a 574 575 864
a 574 29996 432
a 575 355 2232
a 576 1449 1440
a 576 17826 1440
a 577 910 4464
a 577 926 936
a 578 713 1584
a 578 34634 432
a 579 580 12960
a 579 34636 864
a 580 581 5256
a 580 32807 3672
a 581 582 6912
a 582 29460 4536
a 583 927 6912
a 584 577 864
a 584 25453 6624
a 585 10558 1800
a 585 17655 1008
a 586 634 9432
a 586 1450 1152
a 587 37991 10260
a 588 34027 144
a 588 34635 2664
a 589 919 4536
a 589 18403 432
a 589 26480 36000
a 590 599 42240
a 590 4858 8340
a 591 37723 1440
a 592 600 792
a 592 4884 5904
a 593 1210 26820
a 594 317 15840
a 595 593 4470
a 596 19753 2016
a 597 19750 7992
a 597 32654 6737
a 598 19742 850
a 598 38125 97200
a 599 33421 2498
a 600 592 792
a 600 601 25040
a 600 33420 2376
a 601 4885 6930
a 602 4463 5616
a 602 7888 7704
a 602 14704 1944
a 602 40093 4464
a 603 17016 1008
a 603 17017 4608
a 604 2788 1728
a 604 33729 1728
a 605 34974 6048
a 605 37316 792
a 606 3975 3816
a 606 16999 7560
a 607 26119 4834
a 608 33084 1954
a 609 9 13525
a 609 610 3672
a 610 606 1440
a 610 24313 2880
a 611 2169 8784
a 611 4439 8424
a 611 33179 11520
a 612 3909 13320
a 612 17737 3240
a 612 18030 1800
a 613 11405 110520
a 613 17664 13080
a 614 9205 1944
a 614 9245 792
a 614 13180 1440
a 614 34992 2088
a 615 909 432
a 615 2393 5688
a 616 10111 810
a 616 26617 5760
a 617 985 14520
a 617 32545 4440
a 617 33955 5544
a 617 34932 12816
a 618 619 9504
a 618 33972 3360
a 618 34932 360
a 618 34933 126000
a 619 618 9504
a 619 620 5688
a 619 17912 75600
a 620 619 5688
a 620 621 2952
a 620 990 3168
a 621 620 2952
a 621 17910 1152
a 622 17910 13680
a 622 32612 840
a 622 34077 5472
a 623 624 6840
a 623 10105 4896
a 623 34073 4920
a 624 623 6840
a 624 18077 3960
a 624 29590 8496
a 625 626 3888
a 625 954 15480
a 625 10172 9576
a 626 625 3888
a 626 953 18600
a 626 15660 1152
a 627 952 16680
a 627 15660 5688
a 627 34810 2016
a 628 35494 4680
a 628 37382 2070
a 629 630 29160
a 629 15661 52560
a 629 37382 10980
a 630 629 29160
a 630 15663 11340
a 630 34238 26400
a 631 632 18000
a 631 14917 18720
a 631 15663 3960
a 632 631 18000
a 632 633 5940
a 633 537 648
a 633 17038 11808
a 633 28732 864
a 634 635 11304
a 634 35609 4392
a 635 634 11304
a 635 35365 2448
a 636 22781 3456
a 637 636 3096
a 637 16882 936
a 638 708 2520
a 638 5936 10656
a 638 16861 6984
a 638 30291 1800
a 639 5878 4032
a 639 15150 190800
a 639 22569 720
a 640 5933 11808
a 640 11519 3960
a 641 642 2088
a 641 37383 2520
a 642 22495 648
a 643 752 2088
a 643 23623 7344
a 644 645 3456
a 644 21900 118800
a 644 29619 2016
a 645 644 3456
a 645 14428 14688
a 645 17096 3528
a 646 9234 648
a 646 11518 6336
a 647 646 648
a 647 754 648
a 648 707 3312
a 648 9327 936
a 649 276 32520
a 649 8769 9120
a 649 16849 2520
a 650 275 8880
a 650 651 6000
a 650 31439 6000
a 651 274 14520
a 651 650 6000
a 651 5685 17280
a 652 653 12720
a 652 1972 24840
a 652 5685 9720
a 653 329 5520
a 653 652 12720
a 653 16844 13440
a 654 5684 511200
a 654 16844 1560
a 654 27965 2400
a 655 23359 360
a 656 13826 1278000
a 656 15874 43200
a 657 4163 39240
a 657 13827 75600
a 657 35561 2400
a 658 4474 936
a 658 26349 1656
a 659 660 576
a 659 17169 3456
a 660 134 864
a 660 26283 13536
a 661 187 864
a 661 27687 4176
a 661 38509 10296
a 662 184 1872
a 662 185 7056
a 662 20527 432
a 663 9947 10080
a 664 38506 2592
a 665 666 3816
a 665 6189 2448
a 666 667 10440
a 666 14613 3600
a 667 30243 3312
a 668 648 1224
a 668 5933 6264
a 669 1473 1008
a 669 22375 5688
a 670 671 10296
a 670 29415 1368
a 671 25533 4248
a 672 3176 1440
a 672 14764 4968
a 672 16706 11736
a 673 676 4464
a 674 324 1440
a 674 2349 10008
a 675 323 792
a 675 34624 22968
a 676 677 5688
a 676 29998 2736
a 677 691 1656
a 678 21851 960
a 678 40101 6120
a 679 34607 1872
a 680 1539 7488
a 680 21847 64800
a 680 29986 2232
a 681 34609 15912
a 682 681 3600
a 683 359 1224
a 683 29985 480
a 684 685 10680
a 684 690 840
a 684 3433 16440
a 685 353 24360
a 685 686 12000
a 685 689 840
a 686 688 720
a 686 22167 10080
a 687 4181 600
a 687 22166 3840
a 688 689 12360
a 689 685 840
a 689 690 10440
a 690 684 840
a 690 2233 23880
a 690 29983 12480
a 691 29935 8784
a 691 29994 2088
a 692 36034 1656
a 693 21957 1944
a 693 27776 504
a 694 16755 1944
a 695 2916 3096
a 696 697 1656
a 696 37947 0
a 697 2916 1800
a 697 9049 2448
a 698 21954 4824
a 699 16754 4104
a 700 9242 10584
a 701 693 1368
a 701 35657 3528
a 702 1492 3456
a 702 16873 3312
a 703 1492 3456
a 703 33480 7272
a 704 705 2664
a 705 4577 3456
a 705 35997 2520
a 706 22513 3816
a 707 12866 8640
a 708 638 2520
a 708 16819 309600
a 708 22786 3816
a 709 14908 100800
a 709 16860 3888
a 710 16882 5400
a 711 807 1008
a 711 35260 5112
a 712 711 5472
a 713 579 5904
a 714 4132 13104
a 714 13010 7920
a 714 30095 3888
a 714 38706 8856
a 715 4177 990
a 715 30327 10008
a 716 717 10350
a 716 13136 8064
a 716 21493 3870
a 716 21496 15696
a 717 716 10350
a 717 718 6750
a 717 5002 26064
a 718 717 6750
a 718 24438 7110
a 719 718 7650
a 719 727 4230
a 719 24438 720
a 720 6774 7776
a 720 8009 10944
a 720 24439 1008
a 721 64 25056
a 721 4154 12816
a 721 5713 18960
a 721 31963 6192
a 722 509 6768
a 722 12135 10728
a 722 25362 45000
a 723 8546 1440
a 723 16925 3960
a 723 25367 14760
a 724 726 11700
a 724 4137 33240
a 724 24442 2880
a 725 728 4950
a 725 4130 34992
a 725 24442 6120
a 726 724 11700
a 726 5647 22560
a 726 21303 540
a 727 719 4230
a 727 5647 20040
a 727 24443 12330
a 728 725 4950
a 728 4131 15624
a 728 12128 18360
a 729 1072 3456
a 729 3093 792
a 730 1073 10944
a 730 15195 5472
a 730 32123 14616
a 731 9062 9216
a 732 1840 14760
a 732 25734 6552
a 733 23391 5112
a 734 23388 1512
a 735 5724 22968
a 736 25711 18576
a 736 34603 11088
a 737 766 3384
a 737 1942 864
a 737 5227 100800
a 738 23654 5760
a 739 738 4392
a 739 2029 2952
a 739 23657 3096
a 740 28739 2376
a 741 5971 13176
a 741 39250 13320
a 742 2042 46320
a 742 10095 288
a 742 34837 1224
a 743 2039 9360
a 743 2049 17160
a 743 10094 2232
a 744 34926 3240
a 744 34927 3168
a 744 38608 5760
a 745 10409 4896
a 745 20332 9000
a 745 20335 3600
a 745 20339 201600
a 746 2074 42840
a 746 10110 7200
a 746 10211 28080
a 746 20332 5328
a 747 587 4320
a 747 748 2952
a 748 587 1890
a 748 17652 1080
a 749 36192 37845
a 750 641 1944
a 750 642 28800
a 750 36380 216000
a 751 17974 1512
a 752 813 2376
a 752 22562 97200
a 753 16812 11520
a 753 17547 2448
a 754 647 648
a 754 23622 6552
a 755 771 2376
a 755 37412 3744
a 756 16811 1080
a 756 37412 3816
a 757 758 1080
a 757 18000 151200
a 757 22560 442800
a 758 759 360
a 759 30862 1296
a 759 38805 14400
a 760 21919 576
a 760 37431 2160
a 761 17880 1368
a 761 21920 104400
a 762 771 3672
a 762 9715 118800
a 762 22566 2232
a 763 764 3456
a 763 38637 216
a 764 5932 158400
a 764 16852 432
a 765 770 4536
a 766 1942 3024
a 766 31152 5616
a 767 16039 9120
a 767 20235 6120
a 767 31152 21816
a 767 34113 13680
a 768 20288 15552
a 768 34787 3240
a 770 762 3672
a 770 771 1296
a 770 38809 2016
a 771 755 2376
a 771 770 1296
a 771 30290 720
a 772 754 5976
a 773 774 273600
a 773 9946 586800
a 773 27186 2451600
a 774 773 273600
a 774 6431 6552
a 775 776 86400
a 775 27186 921600
a 776 775 86400
a 777 7933 1560
a 777 25414 1080
a 778 5688 4200
a 778 12920 13320
a 778 25412 3720
a 779 5687 4320
a 779 12920 1680
a 779 12944 14760
a 780 12943 6240
a 780 12944 6240
a 780 12946 216000
a 781 1389 2340
a 781 35977 8136
a 782 27646 360
a 783 1735 11664
a 783 10193 840
a 784 1560 10368
a 784 18908 35352
a 785 30333 8712
a 786 791 50760
a 787 12865 14616
a 788 789 22635
a 789 790 11070
a 790 12869 11280
a 790 33397 9315
a 791 27655 2790
a 792 4544 8550
a 792 17501 12060
a 793 33398 11745
a 794 795 22905
a 794 3808 20880
a 795 798 30600
a 796 797 25515
a 796 11450 23600
a 797 33399 43155
a 798 799 2520
a 799 800 9315
a 800 20431 4635
a 800 20432 11880
a 801 802 13275
a 802 803 2565
a 803 796 29925
a 804 19053 7560
a 805 30239 3096
a 805 37964 7920
a 806 2815 7128
a 806 17096 648
a 806 17098 36000
a 807 540 648
a 807 1164 4752
a 808 809 15120
a 808 1145 6720
a 809 810 13248
a 809 1175 504
a 809 22570 360
a 810 1039 6840
a 810 9034 600
a 810 26940 7416
a 811 812 4752
a 812 3649 7344
a 813 643 864
a 813 22565 4248
a 814 33480 7344
a 815 855 2808
a 815 33480 4968
a 815 35653 1872
a 816 1485 1872
a 816 1487 1512
a 817 16470 36000
a 817 28194 432
a 818 35010 2160
a 819 17981 2304
a 819 35926 1728
a 820 14445 2880
a 820 17217 6768
a 821 14444 2592
a 821 17218 4248
a 822 22831 9936
a 823 826 21600
a 823 27907 2520
a 824 822 1080
a 824 2457 2520
a 825 35008 5904
a 826 823 21600
a 827 196 14976
a 827 2977 8160
a 827 35264 14328
a 827 37540 6000
a 828 829 4440
a 828 16100 4680
a 828 20501 8280
a 829 828 4440
a 829 26914 5520
a 829 26941 57840
a 830 20489 5280
a 830 20496 3960
a 830 26225 1920
a 830 26917 14160
a 831 1664 9360
a 831 8374 7800
a 831 20489 14400
a 832 833 12857
a 833 834 28728
a 834 3715 6336
a 835 31618 3744
a 836 33419 10748
a 837 4363 34611
a 838 839 8640
a 838 840 5976
a 838 843 16128
a 839 838 8640
a 840 838 5976
a 841 255 7704
a 841 842 8208
a 841 26941 2640
a 842 841 8208
a 842 843 6912
a 842 18780 18216
a 843 838 16128
a 843 842 6912
a 843 844 12096
a 844 843 12096
a 844 18707 74880
a 844 25603 4968
a 845 26225 6480
a 845 26948 90000
a 845 26949 90000
a 846 20405 2160
a 846 35499 60840
a 847 254 3744
a 847 16917 3816
a 847 31450 21600
a 847 35499 10080
a 848 17251 792
a 848 17339 720
a 848 29448 6264
a 849 3748 14976
a 849 21876 4464
a 849 30237 3888
a 850 1291 10872
a 850 1308 2160
a 850 5421 18648
a 851 925 2016
a 851 10109 2088
a 851 32810 1008
a 852 853 17352
a 852 920 4464
a 853 10107 3168
a 853 23554 4536
a 854 17339 6984
a 854 34600 4392
a 855 815 2808
a 855 27280 1440
a 855 35656 345600
a 856 14605 1440
a 857 856 4320
a 858 10686 43200
a 858 22535 7560
a 859 711 1008
a 859 858 2232
a 860 859 864
a 860 35261 1728
a 861 16456 3600
a 862 26938 3960
a 863 5452 2160
a 863 19154 8856
a 864 5451 6624
a 864 35009 5256
a 865 866 4176
a 865 1484 4536
a 866 865 4176
a 866 3129 1872
a 866 10524 2952
a 867 24837 226800
a 867 27178 3312
a 868 867 6120
a 869 870 4752
a 870 871 4608
a 871 446 3600
a 872 693 1296
a 873 874 5640
a 873 1076 5760
a 874 729 24360
a 874 873 5640
a 874 875 5760
a 874 1053 17640
a 875 874 5760
a 875 876 5520
a 876 875 5520
a 876 880 5400
a 876 1051 17640
a 876 30289 20040
a 877 202 24360
a 877 878 3120
a 877 1048 5520
a 878 877 3120
a 878 29635 2280
a 879 29631 5640
a 879 29635 3240
a 880 876 5400
a 880 29631 480
a 881 1137 6120
a 881 30288 8064
a 882 344 22200
a 882 873 17640
a 882 37651 6240
a 883 526 7560
a 884 527 15840
a 885 32627 9432
a 886 1680 4464
a 886 34998 3528
a 887 16883 4248
a 888 342 2760
a 888 979 60685
a 888 37725 4320
a 889 966 9840
a 889 975 37080
a 889 37725 13560
a 890 891 8400
a 890 5446 1920
a 890 34947 4320
a 891 890 8400
a 891 892 8400
a 891 34945 4200
a 892 343 8400
a 892 891 8400
a 892 34943 4440
a 893 1232 266400
a 893 36285 6120
a 894 895 12960
a 894 11540 111600
a 894 18757 15840
a 895 894 12960
a 895 10867 360
a 895 11540 248400
a 896 897 14760
a 896 10862 14760
a 896 11542 122400
a 896 11543 201600
a 897 896 14760
a 897 898 15840
a 897 10861 54000
a 897 11544 115200
a 898 897 15840
a 898 899 28440
a 898 11555 90000
a 898 11557 20880
a 899 898 28440
a 899 900 20160
a 899 11558 129600
a 900 899 20160
a 900 11562 50400
a 900 11563 3960
a 901 10863 15120
a 901 11545 115200
a 901 38105 12600
a 902 903 13680
a 902 10863 7560
a 902 11546 93600
a 903 902 13680
a 903 11547 100800
a 903 11549 14400
a 904 11549 15120
a 904 11550 104400
a 904 11552 14760
a 905 906 19800
a 905 10869 190800
a 905 11557 24120
a 906 905 19800
a 906 9771 18360
a 906 25645 1320
a 907 22762 2160
a 908 2763 4320
a 908 15400 1512
a 909 211 432
a 910 926 4392
a 910 26491 86400
a 910 34031 5112
a 911 584 5544
a 911 5954 1656
a 912 16231 1080
a 912 26525 4392
a 912 26529 5256
a 912 30441 349200
a 913 915 5976
a 913 30479 936
a 913 34039 5544
a 914 30463 3168
a 914 34034 576
a 914 34035 1368
a 915 913 5976
a 915 30486 367200
a 915 30499 1152
a 916 20414 1800
a 916 34046 576
a 916 34048 46800
a 917 30460 1080
a 917 30466 4608
a 917 30477 2520
a 918 18419 201600
a 918 18430 399600
a 918 28741 36000
a 919 589 4536
a 919 18420 46800
a 919 28744 12960
a 919 29913 1152
a 920 18002 2880
a 921 920 11664
a 922 17828 1008
a 922 34711 720
a 922 34714 480
a 923 31343 11640
a 923 34716 360
a 923 34719 480
a 924 34717 720
a 924 34718 2640
a 924 34722 480
a 925 10109 1224
a 925 16451 1008
a 926 578 14112
a 926 927 864
a 927 584 936
a 927 911 5760
a 928 36161 7440
a 929 928 14240
a 929 32509 26320
a 930 929 17520
a 931 930 13840
a 931 18027 3360
a 932 39013 2160
a 933 934 13920
a 933 29587 24880
a 934 16885 8320
a 935 533 2340
a 935 928 22020
a 936 17648 1440
a 937 534 4440
a 937 930 25280
a 938 26048 1920
a 938 28729 920
a 939 934 30640
a 939 29587 7920
a 940 932 13840
a 940 28836 28960
a 941 931 8720
a 942 943 33720
a 942 944 11760
a 942 26961 16920
a 943 942 33720
a 944 942 11760
a 944 945 12360
a 944 26688 295200
a 945 944 12360
a 946 26600 43200
a 947 4400 9720
a 947 26614 7840
a 948 20813 280800
a 949 18636 885600
a 950 18634 1098000
a 950 18636 10800
a 950 20359 1310400
a 951 15659 2300400
a 951 20359 172800
a 951 20361 842400
a 952 627 16680
a 952 953 10440
a 952 971 111600
a 953 626 18600
a 953 952 10440
a 953 29620 7680
a 954 625 15480
a 954 10174 17040
a 954 10175 25560
a 955 956 3240
a 955 20798 7200
a 955 29620 8880
a 956 955 3240
a 956 969 37080
a 956 36085 14760
a 957 958 14280
a 957 10175 1440
a 957 20386 11160
a 958 957 14280
a 958 997 8520
a 958 32983 14640
a 958 34696 3840
a 959 960 16560
a 959 996 8520
a 959 997 3240
a 959 36514 108000
a 960 959 16560
a 960 997 24840
a 960 17914 10680
a 961 782 16704
a 961 25454 3908
a 962 35977 3960
a 962 35978 4608
a 963 962 1476
a 964 25607 1320
a 964 31291 1200
a 965 10193 2448
a 965 25608 5640
a 966 349 18120
a 966 889 9840
a 966 18616 9480
a 967 18616 3960
a 967 34065 11640
a 968 36085 12480
a 969 956 37080
a 969 970 10800
a 969 33570 16560
a 970 969 10800
a 970 970 107640
a 970 970 107640
a 971 952 111600
a 971 973 133200
a 972 973 79200
a 972 20361 421200
a 972 37382 673200
a 973 971 133200
a 973 972 79200
a 974 343 9480
a 974 1249 15000
a 974 29315 21840
a 975 889 37080
a 975 976 8160
a 975 32612 19680
a 976 975 8160
a 976 977 5880
a 976 998 12960
a 977 976 5880
a 977 978 36000
a 977 18714 4320
a 978 977 36000
a 978 979 112114
a 978 1230 50914
a 979 888 60685
a 979 978 112114
a 979 1230 33120
a 980 981 6240
a 980 982 20160
a 981 980 6240
a 981 987 23040
a 982 980 20160
a 982 20207 21120
a 983 984 10680
a 983 31170 8280
a 984 983 10680
a 984 988 12960
a 984 10274 21240
a 984 31330 5520
a 985 617 14520
a 985 989 15480
a 985 31275 3360
a 986 17917 7200
a 987 981 23040
a 987 3521 4920
a 987 15734 4320
a 988 984 12960
a 988 989 63360
a 988 989 45000
a 989 985 15480
a 989 988 63360
a 989 988 45000
a 989 17919 22320
a 990 620 3168
a 990 991 3888
a 990 10171 14280
a 991 990 3888
a 991 992 12600
a 991 10177 1080
a 992 991 12600
a 992 10177 36792
a 992 17909 5112
a 993 994 1152
a 993 995 9216
a 993 19070 1800
a 994 993 1152
a 994 15454 2808
a 995 993 9216
a 995 1001 4824
a 996 959 8520
a 996 17904 7320
a 996 17905 28800
a 997 958 8520
a 997 959 3240
a 997 960 24840
a 998 976 12960
a 998 17921 1800
a 998 33962 4800
a 999 39015 1200
a 1000 999 4440
a 1001 995 4824
a 1001 18081 5544
a 1002 18081 1656
a 1002 27076 3816
a 1003 1004 576
a 1003 32879 1512
a 1003 34701 7200
a 1004 1003 576
a 1004 29358 4752
a 1004 34699 432
a 1005 1006 4440
a 1005 18015 2304
a 1006 1005 4440
a 1006 1017 26160
a 1006 35964 432
a 1007 1008 36000
a 1007 1009 45720
a 1007 15965 20160
a 1008 1007 36000
a 1008 1009 11160
a 1009 1007 45720
a 1009 1008 11160
a 1009 1010 20880
a 1010 1009 20880
a 1010 1011 10440
a 1010 1011 89640
a 1011 1010 10440
a 1011 1010 89640
a 1012 1013 576
a 1012 1015 5832
a 1012 32880 1512
a 1013 1012 576
a 1013 31521 1008
a 1013 34703 5184
a 1014 1018 3600
a 1014 18083 9480
a 1014 34702 9000
a 1015 1013 5832
a 1015 34701 10728
a 1016 18075 7680
a 1016 18079 6960
a 1016 34700 8040
a 1017 1006 26160
a 1017 1026 16800
a 1017 1082 19080
a 1018 1014 3600
a 1018 1019 8400
a 1018 26979 1560
a 1019 1018 8400
a 1019 1020 14760
a 1019 1055 6840
a 1019 32882 46680
a 1020 1019 14760
a 1020 1021 11400
a 1020 1022 26520
a 1021 1020 11400
a 1021 1026 25080
a 1021 1027 24240
a 1022 1020 26520
a 1022 1023 12240
a 1022 1027 19800
a 1023 1022 12240
a 1023 1028 23880
a 1023 32881 5880
a 1024 28601 936
a 1024 29445 2520
a 1025 1029 6840
a 1025 29445 5616
a 1025 32882 1800
a 1026 1017 16800
a 1026 1021 25080
a 1026 1078 17880
a 1027 1021 24240
a 1027 1022 19800
a 1027 27008 11520
a 1028 1023 23880
a 1028 1032 7560
a 1028 27008 600
a 1029 1025 6840
a 1029 1030 15840
a 1029 32881 2880
a 1030 1029 15840
a 1030 1031 2304
a 1030 1090 7272
a 1030 1094 30960
a 1031 1030 2304
a 1031 1032 11640
a 1032 1028 7560
a 1032 1031 11640
a 1032 28558 13560
a 1033 28401 86400
a 1033 34703 3024
a 1033 37971 5904
a 1034 1035 8712
a 1034 28603 6048
a 1035 1034 8712
a 1035 1108 4464
a 1036 26761 648
a 1037 1036 6840
a 1038 20308 3960
a 1039 810 6840
a 1039 1040 5640
a 1040 1039 5640
a 1040 1041 8520
a 1040 1062 22440
a 1040 28109 13200
a 1041 1040 8520
a 1041 1042 3240
a 1042 1041 3240
a 1042 1043 5160
a 1042 24138 66342
a 1042 28107 25200
a 1043 1042 5160
a 1043 1044 5280
a 1043 1065 22800
a 1044 201 23040
a 1044 1043 5280
a 1044 1045 6000
a 1044 1123 12600
a 1045 1044 6000
a 1045 1046 6360
a 1046 1045 6360
a 1046 1047 5400
a 1047 1046 5400
a 1047 1068 24360
a 1047 25850 360
a 1048 877 5520
a 1048 25850 11280
a 1049 878 17640
a 1049 18066 19200
a 1050 880 17520
a 1050 1049 11880
a 1051 1050 5640
a 1051 1052 5040
a 1052 29604 720
a 1053 882 5520
a 1054 1055 26040
a 1054 1055 33480
a 1055 1019 6840
a 1055 1054 26040
a 1055 1054 33480
a 1056 1057 3240
a 1057 1123 22920
a 1057 18069 3960
a 1057 25977 4392
a 1057 25977 277200
a 1058 1078 14160
a 1058 17993 1440
a 1058 18218 28560
a 1059 1051 20520
a 1059 16286 2088
a 1059 18239 3312
a 1060 1061 5040
a 1061 881 6360
a 1061 1074 17520
a 1062 1063 5256
a 1062 16284 3384
a 1063 1041 22560
a 1063 1062 5256
a 1063 1064 3456
a 1063 1149 75960
a 1064 1063 3456
a 1064 1065 1368
a 1065 201 3168
a 1065 1064 1368
a 1066 201 3600
a 1066 1067 2592
a 1066 28207 212400
a 1067 1046 24360
a 1067 1066 2592
a 1067 1068 3168
a 1068 1067 3168
a 1068 1069 6696
a 1068 1126 25680
a 1069 202 3312
a 1069 1048 24480
a 1069 1068 6696
a 1070 202 5256
a 1070 203 4824
a 1070 879 24240
a 1071 203 5472
a 1071 875 24360
a 1071 3093 2520
a 1072 729 3456
a 1072 873 24360
a 1072 1073 2952
a 1073 730 10944
a 1073 1072 2952
a 1074 1075 5160
a 1074 1133 13440
a 1074 32123 6240
a 1075 1060 17760
a 1075 1074 5160
a 1075 1076 5880
a 1076 873 5760
a 1076 1075 5880
a 1076 29599 9432
a 1077 1079 4800
a 1077 1080 7560
a 1077 1082 2880
a 1078 1026 17880
a 1078 1058 14160
a 1078 1080 7200
a 1078 1083 9360
a 1079 1077 4800
a 1079 28449 288000
a 1080 1077 7560
a 1080 1078 7200
a 1080 27005 11640
a 1080 27006 8280
a 1081 27010 840
a 1082 1017 19080
a 1082 1077 2880
a 1082 27010 7080
a 1083 1078 9360
a 1083 1084 14400
a 1083 31518 11280
a 1084 1083 14400
a 1084 1085 14400
a 1084 31519 10920
a 1085 1084 14400
a 1085 1086 14640
a 1085 31520 10320
a 1086 1085 14640
a 1086 1088 6240
a 1086 27007 7680
a 1087 10103 3240
a 1087 28404 162000
a 1087 28405 4800
a 1088 1086 6240
a 1088 27008 11160
a 1089 21444 720
a 1089 28558 600
a 1089 32918 4920
a 1090 1030 7272
a 1090 1091 13800
a 1090 32918 1728
a 1091 1090 13800
a 1091 9838 6960
a 1091 32607 5640
a 1092 1093 10320
a 1092 9839 28260
a 1092 32607 4920
a 1093 1092 10320
a 1093 1096 27720
a 1093 1317 24600
a 1093 28424 4200
a 1094 1030 30960
a 1094 1095 30960
a 1094 32571 20520
a 1095 1094 30960
a 1095 1096 34560
a 1095 1100 49680
a 1096 1093 27720
a 1096 1095 34560
a 1096 1129 24480
a 1097 1098 42480
a 1097 1102 15120
